2017-02-21 00:03:01,5,40,23.3,70,7.6,994.4,1013.3,7.8,11.2,12,6904.8,0
2017-02-21 00:08:01,5,40,23.3,70,7.5,994.4,1013.3,7.5,9.9,12,6905.1,0
2017-02-21 00:13:01,5,40,23.3,70,7.5,994.3,1013.2,7.5,8.2,12,6905.1,0
2017-02-21 00:18:01,5,40,23.3,71,7.5,994.3,1013.2,4.4,8.8,10,6905.1,0
2017-02-21 00:23:01,5,40,23.3,71,7.5,994.3,1013.2,8.8,11.9,12,6905.4,0
2017-02-21 00:28:01,5,40,23.3,72,7.6,994.1,1013.0,8.2,11.2,,6905.4,2048
2017-02-21 00:33:01,5,40,23.3,72,7.7,994.1,1013.0,12.2,13.6,14,6905.7,0
2017-02-21 00:38:01,5,40,23.3,72,7.6,994.1,1013.0,5.8,8.5,11,6906.0,0
2017-02-21 00:43:01,5,40,23.3,72,7.6,993.9,1012.8,12.2,15.6,14,6906.3,0
2017-02-21 00:48:01,5,39,23.3,72,7.6,993.6,1012.5,8.5,10.5,10,6906.3,0
2017-02-21 00:53:01,5,39,23.4,72,7.7,993.7,1012.6,9.2,12.6,10,6906.3,0
2017-02-21 00:58:01,5,39,23.4,71,7.7,993.7,1012.6,10.9,15.3,14,6907.2,0
2017-02-21 01:03:01,5,39,23.4,71,7.7,993.7,1012.6,13.3,15.0,12,6907.2,0
2017-02-21 01:08:01,5,39,23.4,71,7.7,993.8,1012.7,13.3,15.0,12,6907.2,0
2017-02-21 01:13:01,5,39,23.4,72,7.7,993.5,1012.4,9.5,13.6,14,6908.1,0
2017-02-21 01:18:01,5,39,23.4,72,7.7,993.4,1012.3,9.9,12.9,14,6908.7,0
2017-02-21 01:23:01,5,39,23.4,72,7.7,993.6,1012.5,9.5,12.6,11,6908.7,0
2017-02-21 01:28:01,5,39,23.4,73,7.7,993.4,1012.3,11.6,15.6,0,6909.6,0
2017-02-21 01:33:01,5,39,23.4,73,7.7,993.4,1012.3,12.2,15.6,12,6910.8,0
2017-02-21 01:38:01,5,38,23.4,73,7.8,993.7,1012.6,11.2,12.9,14,6910.8,0
2017-02-21 01:43:01,5,38,23.4,73,7.8,993.4,1012.3,10.5,14.3,14,6913.8,0
2017-02-21 01:48:01,5,38,23.4,74,7.7,993.3,1012.2,11.6,15.6,14,6918.9,0
2017-02-21 01:53:01,5,38,23.4,75,7.7,993.2,1012.1,10.2,14.6,14,6919.2,0
2017-02-21 01:58:01,5,38,23.4,75,7.8,993.2,1012.1,9.9,12.2,12,6920.1,0
2017-02-21 02:03:01,5,38,23.4,75,8.0,993.2,1012.1,11.2,16.3,13,6920.7,0
2017-02-21 02:08:01,5,38,23.4,74,8.1,993.3,1012.2,9.9,13.6,14,6923.7,0
2017-02-21 02:13:01,5,38,23.4,74,7.9,993.2,1012.1,10.5,14.3,12,6925.5,0
2017-02-21 02:18:01,5,38,23.4,75,8.0,993.2,1012.1,8.8,11.9,14,6925.5,0
2017-02-21 02:23:01,5,38,23.4,74,8.1,993.1,1012.0,11.2,14.3,14,6928.8,0
2017-02-21 02:28:01,5,38,23.4,74,8.2,992.9,1011.8,8.5,11.6,0,6928.8,0
2017-02-21 02:33:01,5,38,23.4,74,8.2,992.8,1011.7,10.9,13.6,13,6928.8,0
2017-02-21 02:38:01,5,38,23.4,73,8.7,992.8,1011.7,9.5,13.9,0,6928.8,0
2017-02-21 02:43:01,5,37,23.4,73,8.7,992.9,1011.8,9.5,12.9,14,6929.4,0
2017-02-21 02:48:01,5,37,23.4,73,8.8,992.7,1011.6,11.2,13.3,14,6929.4,0
2017-02-21 02:53:01,5,37,23.4,73,8.8,992.6,1011.5,11.2,13.3,13,6929.4,0
2017-02-21 02:58:01,5,37,23.4,73,8.8,992.6,1011.5,10.2,14.3,13,6929.4,0
2017-02-21 03:03:01,5,37,23.4,73,8.8,992.4,1011.3,10.2,14.3,13,6929.4,0
2017-02-21 03:08:01,5,37,23.4,72,8.9,992.6,1011.5,9.2,12.2,14,6929.4,0
2017-02-21 03:13:01,5,37,23.4,72,8.9,992.4,1011.3,8.2,11.2,14,6929.4,0
2017-02-21 03:18:01,5,37,23.4,71,9.0,992.5,1011.4,9.2,13.6,13,6929.4,0
2017-02-21 03:23:01,5,37,23.4,72,8.9,992.4,1011.3,10.9,15.0,13,6929.4,0
2017-02-21 03:28:01,5,37,23.4,72,8.9,992.5,1011.4,8.5,11.2,13,6930.0,0
2017-02-21 03:33:01,5,37,23.3,72,8.9,992.2,1011.1,11.6,14.6,14,6930.9,0
2017-02-21 03:38:01,5,37,23.4,71,9.0,992.2,1011.1,10.2,15.0,12,6932.4,0
2017-02-21 03:43:01,5,37,23.3,71,9.0,992.1,1011.0,9.9,13.3,12,6932.4,0
2017-02-21 03:48:01,5,37,23.3,71,9.0,992.0,1010.9,10.2,14.6,14,6932.7,0
2017-02-21 03:53:01,5,37,23.3,71,9.0,992.1,1011.0,10.9,16.0,14,6932.7,0
2017-02-21 03:58:01,5,37,23.3,71,9.0,992.2,1011.1,7.1,8.8,14,6932.7,0
2017-02-21 04:03:01,5,37,23.3,71,9.0,992.2,1011.1,6.5,10.5,12,6932.7,0
2017-02-21 04:08:01,5,37,23.3,71,9.0,991.9,1010.8,7.8,9.2,12,6932.7,0
2017-02-21 04:13:01,5,37,23.3,71,9.0,991.8,1010.7,8.2,11.9,0,6932.7,0
2017-02-21 04:18:01,5,37,23.3,71,9.1,992.0,1010.9,9.2,13.9,14,6932.7,0
2017-02-21 04:23:01,5,37,23.3,71,9.1,991.9,1010.8,8.5,13.6,13,6932.7,0
2017-02-21 04:28:01,5,37,23.3,71,9.2,992.0,1010.9,8.8,12.2,14,6932.7,0
2017-02-21 04:33:01,5,37,23.2,70,9.2,991.9,1010.8,8.8,10.2,12,6932.7,0
2017-02-21 04:38:01,5,37,23.1,70,9.1,991.8,1010.7,9.2,12.2,13,6932.7,0
2017-02-21 04:43:01,5,37,23.1,70,9.0,991.6,1010.5,7.8,10.9,14,6932.7,0
2017-02-21 04:48:01,5,37,23.1,70,9.1,991.7,1010.6,7.5,14.3,14,6932.7,0
2017-02-21 04:53:01,5,37,23.1,70,9.1,991.8,1010.7,8.2,11.2,,6932.7,2048
2017-02-21 04:58:01,5,37,23.1,70,9.1,991.7,1010.6,9.2,11.9,14,6933.3,0
2017-02-21 05:03:01,5,37,23.1,70,9.1,991.7,1010.6,5.8,9.5,14,6933.3,0
2017-02-21 05:08:01,5,37,23.1,70,9.0,991.6,1010.5,7.5,11.9,14,6933.3,0
2017-02-21 05:13:01,5,37,23.1,70,9.0,991.7,1010.6,7.8,11.9,14,6933.3,0
2017-02-21 05:18:01,5,37,23.1,70,9.0,991.4,1010.3,8.2,12.6,14,6933.3,0
2017-02-21 05:23:01,5,37,23.1,70,9.1,991.6,1010.5,7.8,9.9,14,6933.3,0
2017-02-21 05:28:01,5,37,23.1,69,9.3,991.4,1010.3,7.1,11.2,14,6933.3,0
2017-02-21 05:33:01,5,37,23.1,69,9.2,991.6,1010.5,5.8,8.2,11,6933.6,0
2017-02-21 05:38:01,5,37,23.1,70,9.1,991.4,1010.3,8.2,12.6,14,6933.6,0
2017-02-21 05:43:01,5,37,23.1,70,9.2,991.6,1010.5,7.1,9.2,14,6933.6,0
2017-02-21 05:48:01,5,38,23.1,70,9.2,991.8,1010.7,6.5,8.8,14,6933.6,0
2017-02-21 05:53:01,5,38,23.1,71,9.2,991.8,1010.7,8.5,10.9,14,6933.6,0
2017-02-21 05:58:01,5,38,23.1,71,9.2,991.8,1010.7,7.8,10.2,14,6933.6,0
2017-02-21 06:03:01,5,38,23.1,71,9.1,992.1,1011.0,7.1,8.2,12,6933.6,0
2017-02-21 06:08:01,5,38,23.1,72,9.0,992.0,1010.9,9.2,11.9,14,6933.6,0
2017-02-21 06:13:01,5,38,23.1,74,8.9,991.9,1010.8,6.5,7.5,13,6933.6,0
2017-02-21 06:18:01,5,38,23.1,75,8.3,992.1,1011.0,6.8,9.2,14,6933.6,0
2017-02-21 06:23:01,5,38,23.1,76,8.3,992.1,1011.0,6.5,8.8,12,6933.6,0
2017-02-21 06:28:01,5,38,23.1,77,8.2,992.0,1010.9,6.1,7.5,11,6933.9,0
2017-02-21 06:33:01,5,38,23.1,78,8.2,992.0,1010.9,5.4,7.8,14,6933.9,0
2017-02-21 06:38:01,5,38,23.1,79,8.1,992.2,1011.1,5.4,7.5,14,6933.9,0
2017-02-21 06:43:01,5,38,23.1,79,8.2,992.1,1011.0,5.4,7.5,12,6934.2,0
2017-02-21 06:48:01,5,38,23.1,79,8.4,992.2,1011.1,5.8,6.5,14,6934.2,0
2017-02-21 06:53:01,5,38,23.1,78,8.7,992.2,1011.1,6.5,7.5,12,6934.2,0
2017-02-21 06:58:01,5,38,23.1,78,8.8,992.0,1010.9,6.1,7.5,12,6934.5,0
2017-02-21 07:03:01,5,39,23.1,78,8.7,991.9,1010.8,7.1,9.9,14,6934.5,0
2017-02-21 07:08:01,5,39,23.1,77,8.8,991.9,1010.8,5.1,6.5,12,6934.8,0
2017-02-21 07:13:01,5,39,23.1,78,8.8,991.9,1010.8,5.4,7.1,12,6934.8,0
2017-02-21 07:18:01,5,39,23.1,77,8.9,991.9,1010.8,6.5,9.2,12,6934.8,0
2017-02-21 07:23:01,5,39,23.0,77,8.9,991.7,1010.6,5.8,8.2,12,6934.8,0
2017-02-21 07:28:01,5,40,23.1,77,8.9,991.8,1010.7,3.7,5.8,12,6934.8,0
2017-02-21 07:33:01,5,39,23.0,78,8.9,991.6,1010.5,4.8,6.5,12,6934.8,0
2017-02-21 07:38:01,5,39,23.0,78,8.9,991.8,1010.7,5.4,6.8,12,6935.1,0
2017-02-21 07:43:01,5,40,23.0,78,8.9,991.7,1010.6,4.4,6.5,13,6935.1,0
2017-02-21 07:48:01,5,40,23.1,78,8.9,991.9,1010.8,4.8,5.8,14,6935.1,0
2017-02-21 07:53:01,5,40,23.1,77,9.0,991.7,1010.6,4.4,6.5,14,6935.1,0
2017-02-21 07:58:01,5,40,23.1,78,9.0,991.8,1010.7,4.4,5.4,12,6935.4,0
2017-02-21 08:03:01,5,40,23.1,78,9.0,991.8,1010.7,4.4,5.8,14,6935.4,0
2017-02-21 08:08:01,5,40,23.1,78,9.0,991.8,1010.7,4.1,5.1,13,6935.4,0
2017-02-21 08:13:01,5,40,23.1,78,9.0,992.1,1011.0,3.4,5.4,13,6935.4,0
2017-02-21 08:18:01,5,40,23.1,78,9.0,991.6,1010.5,5.1,6.1,14,6935.4,0
2017-02-21 08:23:01,5,40,23.1,77,9.0,991.8,1010.7,4.8,6.5,12,6935.4,0
2017-02-21 08:28:01,5,40,23.1,77,9.1,991.7,1010.6,4.8,7.5,14,6935.7,0
2017-02-21 08:33:01,5,40,23.1,77,9.1,991.8,1010.7,3.7,4.8,12,6935.7,0
2017-02-21 08:38:01,5,40,23.1,78,9.1,992.0,1010.9,4.1,4.8,12,6935.7,0
2017-02-21 08:43:01,5,40,23.1,78,9.1,991.9,1010.8,4.1,5.8,14,6935.7,0
2017-02-21 08:48:01,5,40,23.1,78,9.1,991.8,1010.7,4.8,6.1,14,6935.7,0
2017-02-21 08:53:01,5,40,23.2,78,9.2,991.9,1010.8,3.1,3.4,13,6935.7,0
2017-02-21 08:58:01,5,40,23.2,79,9.2,991.9,1010.8,3.7,4.1,12,6935.7,0
2017-02-21 09:03:01,5,40,23.2,79,9.2,991.9,1010.8,3.7,5.1,14,6935.7,0
2017-02-21 09:08:01,5,40,23.2,79,9.3,991.9,1010.8,3.7,4.8,12,6936.0,0
2017-02-21 09:13:01,5,40,23.2,79,9.3,991.9,1010.8,3.4,4.4,12,6936.0,0
2017-02-21 09:18:01,5,40,23.2,79,9.2,991.9,1010.8,3.7,5.8,14,6936.3,0
2017-02-21 09:23:01,5,40,23.1,80,9.3,992.1,1011.0,3.4,4.1,12,6936.3,0
2017-02-21 09:28:01,5,40,23.1,80,9.2,991.9,1010.8,2.7,4.1,12,6936.6,0
2017-02-21 09:33:01,5,40,23.1,81,9.2,992.0,1010.9,3.7,5.4,10,6936.9,0
2017-02-21 09:38:01,5,40,23.1,81,9.3,991.9,1010.8,3.7,5.4,12,6937.2,0
2017-02-21 09:43:01,5,40,22.9,81,9.3,991.9,1010.8,3.4,4.8,12,6937.2,0
2017-02-21 09:48:01,5,40,22.9,81,9.4,991.9,1010.8,3.1,4.1,13,6937.5,0
2017-02-21 09:53:01,5,40,22.9,81,9.4,992.0,1010.9,3.4,4.4,14,6937.5,0
2017-02-21 09:58:01,5,40,22.9,81,9.5,992.0,1010.9,3.4,5.4,14,6937.5,0
2017-02-21 10:03:01,5,40,22.9,81,9.6,991.8,1010.7,3.7,4.8,12,6937.5,0
2017-02-21 10:08:01,5,40,22.9,81,9.6,991.8,1010.7,2.7,3.4,2,6937.8,0
2017-02-21 10:13:01,5,40,22.8,81,9.6,991.9,1010.8,3.7,5.8,14,6937.8,0
2017-02-21 10:18:01,5,40,22.8,81,9.6,991.6,1010.5,4.1,5.1,12,6937.8,0
2017-02-21 10:23:01,5,40,22.8,81,9.8,991.7,1010.6,5.1,7.1,12,6937.8,0
2017-02-21 10:28:01,5,40,22.8,81,9.9,991.6,1010.5,5.1,6.5,12,6937.8,0
2017-02-21 10:33:01,5,40,22.8,80,10.0,991.5,1010.4,4.4,5.4,14,6938.1,0
2017-02-21 10:38:01,5,40,22.8,78,10.1,991.4,1010.3,4.1,5.8,14,6938.1,0
2017-02-21 10:43:01,5,40,22.7,78,10.2,991.4,1010.3,5.8,7.5,14,6938.1,0
2017-02-21 10:48:01,5,40,22.7,77,10.3,991.5,1010.4,3.7,5.1,12,6938.1,0
2017-02-21 10:53:01,5,40,22.7,76,10.4,991.2,1010.1,4.8,7.1,14,6938.1,0
2017-02-21 10:58:01,5,40,22.7,75,10.6,991.3,1010.2,4.4,6.1,14,6938.1,0
2017-02-21 11:03:01,5,40,22.7,75,10.7,991.3,1010.2,4.1,5.4,12,6938.1,0
2017-02-21 11:08:01,5,41,22.6,73,10.8,991.4,1010.3,3.4,4.8,12,6938.1,0
2017-02-21 11:13:01,5,41,22.6,73,10.8,991.4,1010.3,5.8,7.8,14,6938.1,0
2017-02-21 11:18:01,5,41,22.6,72,10.9,991.4,1010.3,4.1,4.8,12,6938.1,0
2017-02-21 11:23:01,5,41,22.6,72,10.9,991.3,1010.2,6.8,8.8,12,6938.1,0
2017-02-21 11:28:01,5,41,22.6,72,10.9,991.0,1009.9,3.1,5.8,14,6938.1,0
2017-02-21 11:33:01,5,41,22.6,72,10.9,991.1,1010.0,4.4,5.4,14,6938.1,0
2017-02-21 11:38:01,5,42,22.6,70,11.0,990.9,1009.8,4.8,6.5,11,6938.1,0
2017-02-21 11:43:01,5,42,22.6,70,11.0,991.0,1009.9,3.4,4.4,12,6938.1,0
2017-02-21 11:48:01,5,42,22.6,71,10.9,991.2,1010.1,3.7,5.1,12,6938.1,0
2017-02-21 11:53:01,5,42,22.6,71,10.9,991.3,1010.2,5.4,8.5,14,6938.1,0
2017-02-21 11:58:01,5,42,22.6,71,10.9,991.0,1009.9,4.8,7.1,14,6938.1,0
2017-02-21 12:03:01,5,42,22.6,71,10.9,991.0,1009.9,4.4,5.4,14,6938.1,0
2017-02-21 12:08:01,5,42,22.6,71,10.9,991.0,1009.9,4.4,5.4,13,6938.1,0
2017-02-21 12:13:01,5,42,22.6,71,10.9,990.8,1009.7,2.7,3.7,12,6938.1,0
2017-02-21 12:18:01,5,42,22.6,71,10.8,990.9,1009.8,4.4,5.8,12,6938.1,0
2017-02-21 12:23:01,5,42,22.6,72,10.7,991.1,1010.0,4.4,5.4,14,6938.1,0
2017-02-21 12:28:01,5,42,22.6,72,10.7,991.0,1009.9,3.4,4.8,14,6938.1,0
2017-02-21 12:33:01,5,42,22.6,72,10.7,991.1,1010.0,4.1,6.1,12,6938.1,0
2017-02-21 12:38:01,5,42,22.6,72,10.7,991.0,1009.9,4.4,6.1,12,6938.1,0
2017-02-21 12:43:01,5,42,22.6,72,10.8,991.0,1009.9,4.4,6.5,12,6938.1,0
2017-02-21 12:48:01,5,42,22.6,71,10.8,991.1,1010.0,5.8,7.1,14,6938.1,0
2017-02-21 12:53:01,5,42,22.6,71,10.9,991.0,1009.9,6.1,7.8,12,6938.1,0
2017-02-21 12:58:01,5,42,22.6,70,11.0,991.0,1009.9,5.1,7.1,15,6938.1,0
2017-02-21 13:03:01,5,43,22.7,70,11.0,991.0,1009.9,4.8,6.8,13,6938.1,0
2017-02-21 13:08:01,5,43,22.8,69,11.0,990.9,1009.8,6.1,7.8,14,6938.1,0
2017-02-21 13:13:01,5,42,22.9,69,11.1,990.9,1009.8,4.1,5.1,14,6938.1,0
2017-02-21 13:18:01,5,42,22.9,69,11.1,991.1,1010.0,3.7,5.8,12,6938.1,0
2017-02-21 13:23:01,5,42,22.9,69,11.2,990.9,1009.8,5.4,7.5,14,6938.1,0
2017-02-21 13:28:01,5,42,23.1,69,11.2,990.9,1009.8,3.4,6.5,14,6938.1,0
2017-02-21 13:33:01,5,42,23.1,69,11.2,990.9,1009.8,4.4,5.8,14,6938.1,0
2017-02-21 13:38:01,5,42,23.1,69,11.3,990.9,1009.8,5.4,7.1,14,6938.1,0
2017-02-21 13:43:01,5,42,23.1,69,11.4,991.1,1010.0,5.1,6.5,12,6938.1,0
2017-02-21 13:48:01,5,42,23.1,68,11.4,990.9,1009.8,4.8,6.1,13,6938.1,0
2017-02-21 13:53:01,5,42,23.1,68,11.5,990.6,1009.5,8.8,10.2,12,6938.1,0
2017-02-21 13:58:01,5,42,23.2,68,11.6,990.6,1009.5,6.1,8.2,,6938.1,2048
2017-02-21 14:03:01,5,42,23.3,68,11.6,990.6,1009.5,7.1,9.9,14,6938.1,0
2017-02-21 14:08:01,5,42,23.3,68,11.7,990.6,1009.5,7.5,9.9,14,6938.4,0
2017-02-21 14:13:01,5,42,23.3,67,11.9,990.4,1009.3,8.5,10.5,12,6939.0,0
2017-02-21 14:18:01,5,42,23.3,66,11.9,990.4,1009.3,7.8,10.2,13,6939.0,0
2017-02-21 14:23:01,5,41,23.3,65,11.9,990.3,1009.2,7.8,11.6,12,6939.0,0
2017-02-21 14:28:01,5,41,23.3,64,12.0,990.4,1009.3,7.5,12.2,12,6939.0,0
2017-02-21 14:33:01,5,41,23.4,64,12.0,990.5,1009.4,8.8,11.9,14,6939.0,0
2017-02-21 14:38:01,5,41,23.4,63,12.0,990.4,1009.3,5.1,6.8,14,6939.3,0
2017-02-21 14:43:01,5,41,23.4,64,11.9,990.5,1009.4,6.8,9.5,14,6939.3,0
2017-02-21 14:48:01,5,40,23.4,64,11.9,990.6,1009.5,7.1,9.2,12,6939.3,0
2017-02-21 14:53:01,5,40,23.4,65,11.8,990.9,1009.8,6.1,7.5,8,6939.3,0
2017-02-21 14:58:01,5,40,23.4,65,11.9,990.9,1009.8,8.5,10.2,14,6939.3,0
2017-02-21 15:03:01,5,40,23.4,65,11.9,990.8,1009.7,6.1,9.2,13,6939.3,0
2017-02-21 15:08:01,5,40,23.4,63,12.2,990.8,1009.7,7.1,10.5,14,6939.3,0
2017-02-21 15:13:01,5,40,23.5,63,12.2,990.8,1009.7,6.5,9.2,12,6939.3,0
2017-02-21 15:18:01,5,40,23.5,63,12.3,991.0,1009.9,7.5,10.9,14,6939.3,0
2017-02-21 15:23:01,5,40,23.5,63,12.0,991.0,1009.9,4.4,7.1,14,6939.3,0
2017-02-21 15:28:01,5,40,23.5,65,11.9,991.0,1009.9,6.8,9.2,14,6939.3,0
2017-02-21 15:33:01,5,40,23.5,66,11.8,991.2,1010.1,6.5,8.5,14,6939.3,0
2017-02-21 15:38:01,5,40,23.5,67,11.7,991.3,1010.2,5.4,7.5,12,6939.3,0
2017-02-21 15:43:01,5,40,23.5,67,11.7,991.1,1010.0,4.1,6.5,13,6939.3,0
2017-02-21 15:48:01,5,40,23.5,67,11.5,991.2,1010.1,5.4,7.1,15,6939.3,0
2017-02-21 15:53:01,5,39,23.5,68,11.4,991.4,1010.3,6.1,8.8,0,6939.3,0
2017-02-21 15:58:01,5,39,23.5,69,11.4,991.2,1010.1,5.4,6.8,12,6939.3,0
2017-02-21 16:03:01,5,39,23.5,69,11.3,991.3,1010.2,5.4,8.5,14,6939.3,0
2017-02-21 16:08:01,5,39,23.5,69,11.3,991.4,1010.3,5.4,7.5,12,6939.3,0
2017-02-21 16:13:01,5,39,23.5,69,11.2,991.5,1010.4,6.5,8.5,14,6939.3,0
2017-02-21 16:18:01,5,39,23.5,69,11.1,991.6,1010.5,5.1,6.8,12,6939.3,0
2017-02-21 16:23:01,5,39,23.5,69,11.0,991.7,1010.6,4.8,6.5,0,6939.3,0
2017-02-21 16:28:01,5,39,23.5,69,11.0,991.8,1010.7,2.7,5.4,0,6939.3,0
2017-02-21 16:33:01,5,40,23.5,70,10.9,992.0,1010.9,3.4,4.8,14,6939.3,0
2017-02-21 16:38:01,5,40,23.5,71,10.8,992.2,1011.1,3.4,4.4,0,6939.3,0
2017-02-21 16:43:01,5,40,23.5,71,10.7,992.3,1011.2,3.7,4.8,14,6939.3,0
2017-02-21 16:48:01,5,40,23.4,72,10.6,992.5,1011.4,3.1,5.1,13,6939.3,0
2017-02-21 16:53:01,5,40,23.4,73,10.4,992.5,1011.4,3.4,4.4,0,6939.3,0
2017-02-21 16:58:01,5,40,23.4,73,10.3,992.8,1011.7,1.4,3.1,0,6939.3,0
2017-02-21 17:03:00,5,40,23.4,73,10.3,992.7,1011.6,1.7,3.4,0,6939.3,0
2017-02-21 17:08:00,5,40,23.4,73,10.2,992.7,1011.6,2.0,4.1,0,6939.3,0
2017-02-21 17:13:00,5,40,23.4,73,10.2,992.8,1011.7,3.7,5.4,13,6939.3,0
2017-02-21 17:18:00,5,40,23.4,73,10.3,992.9,1011.8,2.0,3.7,0,6939.3,0
2017-02-21 17:23:00,5,40,23.3,72,10.3,993.0,1011.9,2.4,4.4,0,6939.3,0
2017-02-21 17:28:00,5,40,23.3,72,10.2,993.1,1012.0,1.7,3.4,14,6939.3,0
2017-02-21 17:33:00,5,40,23.2,71,10.1,993.2,1012.1,1.4,2.0,0,6939.3,0
2017-02-21 17:38:00,5,40,23.1,71,9.9,993.3,1012.2,1.7,2.4,0,6939.3,0
2017-02-21 17:43:00,5,40,23.1,71,9.9,993.0,1011.9,2.4,2.7,0,6939.3,0
2017-02-21 17:48:00,5,41,23.1,71,9.9,993.2,1012.1,2.0,2.7,14,6939.3,0
2017-02-21 17:53:00,5,41,23.1,70,9.9,993.4,1012.3,1.7,2.7,14,6939.3,0
2017-02-21 17:58:00,5,41,23.1,69,9.9,993.5,1012.4,1.7,2.7,14,6939.3,0
2017-02-21 18:03:00,5,41,23.1,69,9.9,993.3,1012.2,1.4,2.4,12,6939.3,0
2017-02-21 18:08:00,5,41,23.0,69,9.8,993.4,1012.3,1.7,2.4,14,6939.3,0
2017-02-21 18:13:00,5,41,23.1,69,9.7,993.5,1012.4,1.4,3.1,15,6939.3,0
2017-02-21 18:18:00,5,41,23.1,69,9.7,993.7,1012.6,1.4,2.4,14,6939.3,0
2017-02-21 18:23:00,5,41,23.1,70,9.6,993.6,1012.5,1.7,2.4,14,6939.3,0
2017-02-21 18:28:00,5,41,23.1,70,9.5,993.7,1012.6,1.7,2.4,14,6939.3,0
2017-02-21 18:33:00,5,41,23.1,70,9.5,993.6,1012.5,1.7,2.4,14,6939.3,0
2017-02-21 18:38:00,5,41,23.1,70,9.5,993.9,1012.8,2.4,3.1,14,6939.3,0
2017-02-21 18:43:00,5,41,23.1,70,9.5,993.8,1012.7,1.4,2.4,0,6939.3,0
2017-02-21 18:48:00,5,41,23.1,70,9.4,993.8,1012.7,1.4,2.0,0,6939.3,0
2017-02-21 18:53:00,5,41,23.1,70,9.3,994.0,1012.9,1.7,2.4,0,6939.3,0
2017-02-21 18:58:00,5,41,23.1,70,9.2,994.1,1013.0,1.0,1.7,14,6939.3,0
2017-02-21 19:03:00,5,42,23.1,70,9.2,994.1,1013.0,1.7,2.7,14,6939.3,0
2017-02-21 19:08:00,5,42,23.2,72,8.9,994.1,1013.0,1.7,2.4,13,6939.3,0
2017-02-21 19:13:00,5,42,23.3,71,9.0,994.1,1013.0,2.4,3.1,0,6939.3,0
2017-02-21 19:18:00,5,42,23.3,71,9.1,994.3,1013.2,1.7,2.7,14,6939.3,0
2017-02-21 19:23:00,5,42,23.3,71,8.9,994.3,1013.2,1.7,2.4,13,6939.3,0
2017-02-21 19:28:00,5,42,23.3,71,8.7,994.2,1013.1,1.0,1.4,14,6939.3,0
2017-02-21 19:33:00,5,42,23.3,72,8.7,994.2,1013.1,1.7,2.0,14,6939.3,0
2017-02-21 19:38:00,5,42,23.3,72,8.6,994.4,1013.3,1.4,2.4,13,6939.3,0
2017-02-21 19:43:00,5,42,23.3,72,8.6,994.6,1013.5,1.7,3.1,14,6939.3,0
2017-02-21 19:48:00,5,42,23.3,71,8.6,994.4,1013.3,1.7,2.4,13,6939.3,0
2017-02-21 19:53:00,5,42,23.3,71,8.6,994.4,1013.3,1.7,2.4,12,6939.3,0
2017-02-21 19:58:00,5,42,23.3,70,8.6,994.4,1013.3,2.0,3.7,14,6939.3,0
2017-02-21 20:03:00,5,42,23.3,69,8.7,994.6,1013.5,1.7,2.7,13,6939.3,0
2017-02-21 20:08:00,5,42,23.4,68,8.8,994.7,1013.6,2.4,3.4,0,6939.3,0
2017-02-21 20:13:00,5,42,23.4,66,9.2,994.6,1013.5,3.4,4.8,0,6939.3,0
2017-02-21 20:18:00,5,42,23.4,65,9.3,994.7,1013.6,4.1,5.1,13,6939.3,0
2017-02-21 20:23:00,5,42,23.4,64,9.4,994.8,1013.7,4.1,5.8,12,6939.3,0
2017-02-21 20:28:00,5,42,23.4,64,9.3,994.6,1013.5,2.0,2.7,14,6939.3,0
2017-02-21 20:33:00,5,42,23.3,65,8.7,994.9,1013.8,1.4,2.0,0,6939.3,0
2017-02-21 20:38:00,5,42,23.3,66,8.4,994.8,1013.7,1.7,2.7,14,6939.3,0
2017-02-21 20:43:00,5,42,23.4,67,8.3,994.8,1013.7,1.4,2.4,14,6939.3,0
2017-02-21 20:48:00,5,42,23.4,67,8.2,994.7,1013.6,2.0,3.1,12,6939.3,0
2017-02-21 20:53:00,5,42,23.4,68,8.2,994.9,1013.8,2.0,2.7,13,6939.3,0
2017-02-21 20:58:00,5,42,23.3,68,8.1,994.8,1013.7,2.4,3.4,14,6939.3,0
2017-02-21 21:03:00,5,42,23.3,68,8.1,995.0,1013.9,2.0,3.1,14,6939.3,0
2017-02-21 21:08:00,5,42,23.3,68,8.1,995.1,1014.0,2.0,3.1,14,6939.3,0
2017-02-21 21:13:00,5,42,23.3,70,8.3,994.9,1013.8,2.4,4.1,14,6939.3,0
2017-02-21 21:18:00,5,42,23.3,72,8.4,995.2,1014.1,3.1,5.8,14,6939.3,0
2017-02-21 21:23:00,5,42,23.3,73,8.4,995.3,1014.2,1.7,3.4,12,6939.3,0
2017-02-21 21:28:00,5,42,23.3,73,8.4,995.1,1014.0,2.7,3.7,14,6939.3,0
2017-02-21 21:33:00,5,42,23.3,73,8.3,995.1,1014.0,1.4,2.0,14,6939.3,0
2017-02-21 21:38:00,5,42,23.3,73,8.3,994.8,1013.7,2.7,3.7,14,6939.3,0
2017-02-21 21:43:00,5,42,23.3,73,8.2,995.2,1014.1,4.1,4.4,14,6939.3,0
2017-02-21 21:48:00,5,42,23.4,73,8.1,995.0,1013.9,2.0,3.1,14,6939.3,0
2017-02-21 21:53:00,5,42,23.3,73,7.8,995.0,1013.9,2.0,3.1,14,6939.3,0
2017-02-21 21:58:00,5,42,23.3,74,7.8,995.0,1013.9,2.4,3.7,12,6939.3,0
2017-02-21 22:03:00,5,42,23.3,74,7.8,994.8,1013.7,3.1,4.1,14,6939.3,0
2017-02-21 22:08:00,5,42,23.3,74,7.8,995.0,1013.9,4.1,5.1,14,6939.3,0
2017-02-21 22:13:00,5,42,23.3,74,7.7,995.0,1013.9,3.4,4.1,12,6939.3,0
2017-02-21 22:18:00,5,42,23.3,74,7.6,994.8,1013.7,2.0,3.4,13,6939.3,0
2017-02-21 22:23:00,5,42,23.4,74,7.6,994.7,1013.6,2.7,3.1,14,6939.3,0
2017-02-21 22:28:00,5,42,23.4,74,7.5,995.1,1014.0,2.4,3.7,14,6939.3,0
2017-02-21 22:33:00,5,42,23.4,74,7.2,995.2,1014.1,2.4,3.7,13,6939.3,0
2017-02-21 22:38:00,5,42,23.3,75,7.2,995.2,1014.1,2.4,4.1,10,6939.3,0
2017-02-21 22:43:00,5,42,23.4,74,7.2,995.2,1014.1,3.1,3.7,14,6939.3,0
2017-02-21 22:48:00,5,42,23.4,74,7.1,995.2,1014.1,1.4,2.4,13,6939.3,0
2017-02-21 22:53:00,5,42,23.4,73,7.0,995.3,1014.2,1.0,2.0,15,6939.3,0
2017-02-21 22:58:00,5,42,23.4,75,6.6,995.2,1014.1,1.4,2.0,14,6939.3,0
2017-02-21 23:03:00,5,42,23.4,75,6.6,995.2,1014.1,0.7,1.4,13,6939.3,0
2017-02-21 23:08:00,5,42,23.4,75,6.6,995.4,1014.3,1.7,2.4,15,6939.3,0
2017-02-21 23:13:00,5,42,23.4,74,6.6,995.2,1014.1,1.7,2.0,0,6939.3,0
2017-02-21 23:18:00,5,42,23.4,74,6.6,995.4,1014.3,1.7,2.7,14,6939.3,0
2017-02-21 23:23:00,5,42,23.4,73,6.6,995.3,1014.2,1.4,2.4,14,6939.3,0
2017-02-21 23:28:00,5,42,23.4,73,6.6,995.2,1014.1,0.7,1.0,12,6939.3,0
2017-02-21 23:33:00,5,42,23.4,73,6.4,995.5,1014.4,1.0,1.4,14,6939.3,0
2017-02-21 23:38:00,5,42,23.4,74,6.3,995.5,1014.4,1.0,1.4,12,6939.3,0
2017-02-21 23:43:00,5,42,23.4,74,6.1,995.5,1014.4,1.0,1.4,12,6939.3,0
2017-02-21 23:48:00,5,42,23.4,75,5.9,995.7,1014.6,1.0,1.4,12,6939.3,0
2017-02-21 23:53:00,5,42,23.4,76,5.8,995.5,1014.4,1.0,1.4,14,6939.3,0
2017-02-21 23:58:00,5,42,23.4,77,5.8,995.5,1014.4,1.0,1.4,14,6939.3,0
