2017-02-06 00:03:00,5,39,24.0,79,3.7,985.7,1004.6,3.1,3.7,3,6892.5,0
2017-02-06 00:08:00,5,39,24.0,79,3.7,985.8,1004.7,2.7,3.7,3,6892.5,0
2017-02-06 00:13:00,5,39,24.0,79,3.8,985.5,1004.4,2.7,3.4,2,6892.5,0
2017-02-06 00:18:00,5,40,23.8,79,3.8,985.9,1004.8,2.4,3.4,2,6892.5,0
2017-02-06 00:23:00,5,40,23.8,78,3.8,985.9,1004.8,2.7,3.4,1,6892.5,0
2017-02-06 00:28:00,5,41,23.9,78,3.9,985.9,1004.8,2.7,3.7,2,6892.5,0
2017-02-06 00:33:00,5,41,23.9,78,3.8,985.8,1004.7,2.7,3.4,3,6892.5,0
2017-02-06 00:38:00,5,40,23.9,78,3.7,985.9,1004.8,2.4,3.1,2,6892.5,0
2017-02-06 00:43:00,5,40,23.9,78,3.7,986.0,1004.9,2.0,2.7,2,6892.5,0
2017-02-06 00:48:00,5,40,23.9,78,3.7,985.8,1004.7,2.0,2.7,0,6892.5,0
2017-02-06 00:53:00,5,40,23.9,78,3.7,986.0,1004.9,1.7,2.4,0,6892.5,0
2017-02-06 00:58:00,5,40,23.9,78,3.7,985.9,1004.8,1.7,2.4,0,6892.5,0
2017-02-06 01:03:00,5,40,23.9,,,986.1,1005.0,,,,6892.5,2112
2017-02-06 01:08:00,5,39,24.0,,,986.2,1005.1,,,,6892.5,2112
2017-02-06 01:13:00,5,40,23.9,79,3.3,986.2,1005.1,1.4,2.4,2,6892.5,0
2017-02-06 01:18:00,5,40,23.9,79,3.2,986.1,1005.0,1.4,1.7,2,6892.5,0
2017-02-06 01:23:00,5,40,23.9,79,3.1,986.2,1005.1,1.7,2.4,0,6892.5,0
2017-02-06 01:28:00,5,39,24.0,79,3.1,986.1,1005.0,2.0,2.4,0,6892.5,0
2017-02-06 01:33:00,5,40,23.9,80,3.1,986.2,1005.1,1.7,2.4,1,6892.5,0
2017-02-06 01:38:00,5,40,23.9,80,3.1,986.3,1005.2,1.7,2.4,0,6892.5,0
2017-02-06 01:43:00,5,38,24.0,80,3.1,986.2,1005.1,1.7,2.4,0,6892.5,0
2017-02-06 01:48:00,5,38,24.0,80,3.1,986.2,1005.1,1.7,2.4,0,6892.5,0
2017-02-06 01:53:00,5,38,24.0,77,2.9,986.2,1005.1,1.7,2.4,2,6892.5,0
2017-02-06 01:58:00,5,38,24.0,77,2.9,986.0,1004.9,1.4,2.0,2,6892.5,0
2017-02-06 02:03:00,5,38,24.0,78,2.9,986.3,1005.2,1.7,2.0,2,6892.5,0
2017-02-06 02:08:00,5,39,23.9,79,2.9,986.3,1005.2,1.7,2.0,2,6892.5,0
2017-02-06 02:13:00,5,39,23.9,79,2.9,986.2,1005.1,2.4,3.1,0,6892.5,0
2017-02-06 02:18:00,5,39,23.9,80,2.9,986.5,1005.4,2.0,2.7,2,6892.5,0
2017-02-06 02:23:00,5,39,23.9,85,3.0,986.5,1005.4,2.0,2.7,0,6892.5,0
2017-02-06 02:28:00,5,39,23.9,86,3.0,986.6,1005.5,2.0,3.1,13,6892.5,0
2017-02-06 02:33:00,5,39,23.9,86,3.0,986.5,1005.4,1.7,2.7,0,6892.5,0
2017-02-06 02:38:00,5,39,23.9,87,3.0,986.7,1005.6,2.0,3.1,2,6892.8,0
2017-02-06 02:43:00,5,39,23.8,88,3.1,986.7,1005.6,1.7,2.4,0,6892.8,0
2017-02-06 02:48:00,5,39,23.7,88,3.1,986.8,1005.7,1.7,2.0,0,6892.8,0
2017-02-06 02:53:00,5,39,23.7,84,2.7,986.8,1005.7,1.4,1.7,1,6892.8,0
2017-02-06 02:58:00,5,39,23.7,84,2.5,986.9,1005.8,1.7,2.4,0,6892.8,0
2017-02-06 03:03:00,5,39,23.7,84,2.5,987.1,1006.0,2.0,2.7,0,6892.8,0
2017-02-06 03:08:00,5,39,23.7,85,2.4,987.0,1005.9,1.7,2.7,2,6893.1,0
2017-02-06 03:13:00,5,39,23.7,85,2.3,987.0,1005.9,2.0,2.7,0,6893.1,0
2017-02-06 03:18:00,5,39,23.6,85,2.3,987.1,1006.0,2.4,3.1,0,6893.1,0
2017-02-06 03:23:00,5,39,23.6,86,2.3,987.2,1006.1,2.0,2.7,0,6893.1,0
2017-02-06 03:28:00,5,39,23.6,86,2.3,987.3,1006.2,1.4,2.0,15,6893.1,0
2017-02-06 03:33:00,5,39,23.6,86,2.3,987.2,1006.1,2.4,3.1,2,6893.1,0
2017-02-06 03:38:00,5,39,23.6,86,2.4,987.5,1006.4,2.4,3.1,0,6893.4,0
2017-02-06 03:43:00,5,39,23.6,87,2.4,987.5,1006.4,2.0,2.7,0,6893.4,0
2017-02-06 03:48:00,5,39,23.6,87,2.4,987.5,1006.4,2.0,3.1,15,6893.4,0
2017-02-06 03:53:00,5,39,23.6,87,2.3,987.6,1006.5,1.7,2.0,0,6893.4,0
2017-02-06 03:58:00,5,39,23.6,87,2.2,987.6,1006.5,1.7,2.7,13,6893.4,0
2017-02-06 04:03:00,5,39,23.6,87,2.2,987.5,1006.4,2.4,3.1,0,6893.7,0
2017-02-06 04:08:00,5,39,23.6,87,2.2,987.4,1006.3,2.4,3.1,0,6893.7,0
2017-02-06 04:13:00,5,39,23.6,87,2.3,987.5,1006.4,2.4,3.1,0,6893.7,0
2017-02-06 04:18:00,5,38,23.6,88,2.3,987.7,1006.6,2.0,2.7,0,6893.7,0
2017-02-06 04:23:00,5,38,23.6,88,2.4,988.0,1006.9,2.0,2.7,15,6893.7,0
2017-02-06 04:28:00,5,38,23.6,88,2.4,987.9,1006.8,2.4,3.1,0,6893.7,0
2017-02-06 04:33:00,5,38,23.6,88,2.4,987.8,1006.7,2.4,3.1,0,6893.7,0
2017-02-06 04:38:00,5,38,23.6,88,2.4,988.1,1007.0,2.0,3.1,0,6893.7,0
2017-02-06 04:43:00,5,38,23.6,88,2.4,988.0,1006.9,2.7,3.4,0,6893.7,0
2017-02-06 04:48:00,5,38,23.6,88,2.4,988.1,1007.0,2.4,3.4,0,6894.0,0
2017-02-06 04:53:00,5,38,23.6,88,2.3,988.1,1007.0,2.0,2.7,0,6894.0,0
2017-02-06 04:58:00,5,38,23.6,88,2.4,988.4,1007.3,2.4,2.7,0,6894.0,0
2017-02-06 05:03:00,5,38,23.6,88,2.4,988.4,1007.3,2.4,3.4,0,6894.0,0
2017-02-06 05:08:00,5,38,23.6,88,2.5,988.4,1007.3,2.4,3.7,13,6894.3,0
2017-02-06 05:13:00,5,38,23.6,88,2.4,988.5,1007.4,3.1,4.1,0,6894.3,0
2017-02-06 05:18:00,5,38,23.6,88,2.5,988.6,1007.5,2.7,3.7,0,6894.3,0
2017-02-06 05:23:00,5,38,23.5,88,2.4,988.8,1007.7,2.4,3.1,0,6894.3,0
2017-02-06 05:28:00,5,38,23.4,88,2.4,988.6,1007.5,3.1,3.7,0,6894.3,0
2017-02-06 05:33:00,5,38,23.4,88,2.3,988.9,1007.8,2.0,2.7,0,6894.6,0
2017-02-06 05:38:00,5,38,23.4,88,2.3,988.9,1007.8,1.7,2.4,0,6894.6,0
2017-02-06 05:43:00,5,38,23.4,88,2.3,989.2,1008.1,2.0,2.7,0,6894.6,0
2017-02-06 05:48:00,5,38,23.5,88,2.3,989.1,1008.0,2.7,3.4,0,6894.6,0
2017-02-06 05:53:00,5,38,23.5,88,2.3,989.1,1008.0,2.4,3.4,0,6894.9,0
2017-02-06 05:58:00,5,38,23.5,88,2.3,989.3,1008.2,2.7,3.7,0,6894.9,0
2017-02-06 06:03:00,5,38,23.4,88,2.2,989.3,1008.2,2.0,2.7,0,6894.9,0
2017-02-06 06:08:00,5,38,23.5,88,2.3,989.4,1008.3,2.7,3.7,0,6894.9,0
2017-02-06 06:13:00,5,38,23.5,88,2.3,989.5,1008.4,2.7,3.7,0,6895.2,0
2017-02-06 06:18:00,5,38,23.6,88,2.3,989.7,1008.6,3.1,3.7,0,6895.2,0
2017-02-06 06:23:00,5,38,23.6,88,2.3,989.9,1008.8,2.0,2.7,0,6895.5,0
2017-02-06 06:28:00,5,38,23.5,88,2.2,990.0,1008.9,2.0,2.7,0,6895.5,0
2017-02-06 06:33:00,5,38,23.6,88,2.2,990.0,1008.9,2.0,3.1,0,6895.5,0
2017-02-06 06:38:00,5,38,23.6,88,2.3,990.2,1009.1,1.7,2.0,1,6895.8,0
2017-02-06 06:43:00,5,38,23.6,88,2.3,990.2,1009.1,1.7,2.4,0,6895.8,0
2017-02-06 06:48:00,5,38,23.6,88,2.3,990.2,1009.1,1.4,2.4,0,6896.1,0
2017-02-06 06:53:00,5,38,23.6,88,2.3,990.4,1009.3,1.4,2.0,14,6896.1,0
2017-02-06 06:58:00,5,38,23.6,88,2.3,990.3,1009.2,1.7,2.4,0,6896.1,0
2017-02-06 07:03:00,5,38,23.6,88,2.3,990.3,1009.2,1.4,2.4,0,6896.1,0
2017-02-06 07:08:00,5,37,23.6,88,2.3,990.6,1009.5,2.4,2.7,0,6896.4,0
2017-02-06 07:13:00,5,37,23.6,88,2.3,990.5,1009.4,1.7,2.4,0,6896.7,0
2017-02-06 07:18:00,5,38,23.6,88,2.3,990.6,1009.5,2.0,2.7,0,6896.7,0
2017-02-06 07:23:00,5,37,23.6,88,2.4,990.7,1009.6,2.0,2.7,0,6896.7,0
2017-02-06 07:28:00,5,37,23.6,88,2.4,990.7,1009.6,1.7,2.7,0,6896.7,0
2017-02-06 07:33:00,5,38,23.6,88,2.4,990.6,1009.5,2.0,3.1,0,6896.7,0
2017-02-06 07:38:00,5,38,23.6,88,2.4,990.9,1009.8,2.0,2.7,0,6896.7,0
2017-02-06 07:43:00,5,39,23.6,88,2.5,991.0,1009.9,1.4,2.4,0,6896.7,0
2017-02-06 07:48:00,5,39,23.6,88,2.5,991.2,1010.1,1.7,2.4,14,6897.0,0
2017-02-06 07:53:00,5,40,23.5,88,2.5,991.0,1009.9,1.7,2.4,0,6897.0,0
2017-02-06 07:58:00,5,40,23.5,88,2.5,990.8,1009.7,1.4,2.0,0,6897.0,0
2017-02-06 08:03:00,5,40,23.4,88,2.5,991.1,1010.0,1.0,1.7,0,6897.0,0
2017-02-06 08:08:00,5,40,23.4,88,2.5,991.3,1010.2,2.0,2.4,0,6897.0,0
2017-02-06 08:13:00,5,40,23.4,88,2.5,991.4,1010.3,1.7,2.7,14,6897.0,0
2017-02-06 08:18:00,5,40,23.4,88,2.6,991.4,1010.3,1.4,2.4,14,6897.0,0
2017-02-06 08:23:00,5,40,23.4,88,2.6,991.4,1010.3,1.7,2.0,0,6897.3,0
2017-02-06 08:28:00,5,40,23.4,88,2.7,991.4,1010.3,1.7,2.0,14,6897.3,0
2017-02-06 08:33:00,5,40,23.4,88,2.7,991.5,1010.4,2.0,2.7,0,6897.3,0
2017-02-06 08:38:00,5,40,23.5,88,2.8,991.5,1010.4,2.0,3.1,0,6897.3,0
2017-02-06 08:43:00,5,40,23.5,88,2.9,991.6,1010.5,2.0,2.7,15,6897.3,0
2017-02-06 08:48:00,5,40,23.6,88,2.9,991.6,1010.5,2.0,2.7,0,6897.3,0
2017-02-06 08:53:00,5,40,23.5,92,3.0,991.4,1010.3,2.4,3.1,0,6897.3,0
2017-02-06 08:58:00,5,40,23.5,92,3.0,991.8,1010.7,2.4,3.1,0,6897.3,0
2017-02-06 09:03:00,5,40,23.5,92,3.0,991.6,1010.5,1.7,2.4,1,6897.3,0
2017-02-06 09:08:00,5,40,23.5,92,3.0,991.8,1010.7,2.0,3.1,0,6897.3,0
2017-02-06 09:13:00,5,39,23.4,92,3.0,991.9,1010.8,2.7,3.4,0,6897.3,0
2017-02-06 09:18:00,5,39,23.4,92,3.0,992.0,1010.9,2.0,2.7,14,6897.3,0
2017-02-06 09:23:00,5,39,23.4,92,3.0,991.8,1010.7,2.4,3.1,0,6897.3,0
2017-02-06 09:28:00,5,39,23.4,92,3.0,992.1,1011.0,2.0,2.7,0,6897.3,0
2017-02-06 09:33:00,5,39,23.4,92,3.0,992.1,1011.0,1.7,2.7,0,6897.3,0
2017-02-06 09:38:00,5,39,23.5,92,3.1,992.1,1011.0,1.7,2.4,0,6897.3,0
2017-02-06 09:43:00,5,39,23.5,92,3.2,992.1,1011.0,1.4,2.4,0,6897.3,0
2017-02-06 09:48:00,5,39,23.4,92,3.2,992.4,1011.3,2.0,2.4,0,6897.3,0
2017-02-06 09:53:00,5,39,23.4,92,3.2,992.3,1011.2,2.0,3.1,0,6897.3,0
2017-02-06 09:58:00,5,39,23.4,92,3.2,992.4,1011.3,2.4,3.1,15,6897.3,0
2017-02-06 10:03:00,5,39,23.4,92,3.2,992.4,1011.3,1.4,2.7,0,6897.3,0
2017-02-06 10:08:00,5,38,23.4,91,3.2,992.5,1011.4,2.7,3.1,13,6897.6,0
2017-02-06 10:13:00,5,38,23.3,91,3.2,992.4,1011.3,2.0,3.1,0,6897.6,0
2017-02-06 10:18:00,5,38,23.3,91,3.2,992.5,1011.4,2.0,3.4,2,6897.6,0
2017-02-06 10:23:00,5,39,23.2,90,3.2,992.6,1011.5,2.4,3.1,0,6897.6,0
2017-02-06 10:28:00,5,39,23.1,90,3.3,992.7,1011.6,2.0,2.7,2,6897.6,0
2017-02-06 10:33:00,5,39,23.1,90,3.3,992.5,1011.4,1.0,1.7,0,6897.6,0
2017-02-06 10:38:00,5,39,23.1,90,3.3,992.6,1011.5,1.0,2.0,14,6897.6,0
2017-02-06 10:43:00,5,39,23.1,90,3.3,992.6,1011.5,1.4,2.4,0,6897.6,0
2017-02-06 10:48:00,5,39,23.1,89,3.4,992.9,1011.8,2.0,3.1,14,6897.6,0
2017-02-06 10:53:00,5,39,23.0,89,3.4,992.9,1011.8,1.4,2.7,0,6897.6,0
2017-02-06 10:58:00,5,39,23.0,89,3.4,992.9,1011.8,2.0,3.4,14,6897.6,0
2017-02-06 11:03:00,5,39,23.0,89,3.4,992.9,1011.8,2.4,3.1,14,6897.6,0
2017-02-06 11:08:00,5,39,23.0,89,3.5,992.8,1011.7,2.0,2.7,14,6897.6,0
2017-02-06 11:13:00,5,39,23.0,89,3.5,992.9,1011.8,2.4,3.1,0,6897.9,0
2017-02-06 11:18:00,5,39,23.0,89,3.6,993.1,1012.0,2.7,3.4,14,6897.9,0
2017-02-06 11:23:00,5,39,23.0,89,3.6,992.8,1011.7,1.7,2.7,14,6897.9,0
2017-02-06 11:28:00,5,39,23.0,89,3.6,993.1,1012.0,2.4,3.1,0,6897.9,0
2017-02-06 11:33:00,5,39,23.0,89,3.7,992.9,1011.8,2.0,3.1,14,6897.9,0
2017-02-06 11:38:00,5,39,23.0,89,3.7,993.2,1012.1,2.7,3.7,14,6898.2,0
2017-02-06 11:43:00,5,39,23.0,89,3.7,993.1,1012.0,2.0,3.1,14,6898.2,0
2017-02-06 11:48:00,5,39,23.0,89,3.6,993.1,1012.0,2.4,3.4,14,6898.2,0
2017-02-06 11:53:00,5,39,23.0,89,3.6,993.1,1012.0,2.4,4.1,14,6898.2,0
2017-02-06 11:58:00,5,39,23.0,89,3.5,993.4,1012.3,2.4,3.4,14,6898.2,0
2017-02-06 12:03:00,5,39,23.0,89,3.4,993.3,1012.2,4.1,5.4,14,6898.2,0
2017-02-06 12:08:00,5,40,23.0,89,3.4,993.2,1012.1,2.4,3.4,14,6898.5,0
2017-02-06 12:13:00,5,40,23.0,89,3.4,993.5,1012.4,3.1,4.1,14,6898.5,0
2017-02-06 12:18:00,5,40,23.0,90,3.4,993.4,1012.3,3.1,4.1,14,6898.5,0
2017-02-06 12:23:00,5,40,23.0,90,3.4,993.3,1012.2,3.1,4.8,14,6898.5,0
2017-02-06 12:28:00,5,40,23.0,90,3.4,993.5,1012.4,2.7,4.1,14,6898.5,0
2017-02-06 12:33:00,5,40,23.0,90,3.4,993.6,1012.5,2.4,3.1,13,6898.5,0
2017-02-06 12:38:00,5,40,23.0,91,3.3,993.4,1012.3,3.4,4.4,14,6898.5,0
2017-02-06 12:43:00,5,41,23.0,91,3.3,993.6,1012.5,2.0,3.7,14,6898.5,0
2017-02-06 12:48:00,5,41,23.0,91,3.3,993.7,1012.6,1.7,3.1,11,6898.5,0
2017-02-06 12:53:00,5,41,23.0,91,3.3,993.9,1012.8,2.7,4.8,14,6898.5,0
2017-02-06 12:58:00,5,41,23.1,91,3.2,993.8,1012.7,1.0,2.0,14,6898.5,0
2017-02-06 13:03:00,5,41,23.1,91,3.3,993.9,1012.8,2.4,3.4,14,6898.5,0
2017-02-06 13:08:00,5,41,23.1,91,3.3,993.6,1012.5,2.7,3.7,0,6898.5,0
2017-02-06 13:13:00,5,41,23.0,91,3.3,993.6,1012.5,4.4,5.1,14,6898.5,0
2017-02-06 13:18:00,5,41,23.0,91,3.3,994.0,1012.9,3.7,4.8,14,6898.5,0
2017-02-06 13:23:00,5,41,23.0,91,3.2,993.8,1012.7,3.4,4.8,14,6898.5,0
2017-02-06 13:28:00,5,42,23.0,91,3.2,994.0,1012.9,2.7,4.1,14,6898.8,0
2017-02-06 13:33:00,5,42,23.0,91,3.1,993.9,1012.8,3.1,4.1,14,6898.8,0
2017-02-06 13:38:00,5,42,23.0,91,3.1,994.1,1013.0,2.0,3.1,15,6899.1,0
2017-02-06 13:43:00,5,42,23.0,91,3.0,993.9,1012.8,1.7,2.7,12,6899.1,0
2017-02-06 13:48:00,5,41,23.0,87,2.9,994.1,1013.0,1.7,2.7,14,6899.1,0
2017-02-06 13:53:00,5,41,23.0,87,2.8,994.0,1012.9,2.0,3.7,12,6899.1,0
2017-02-06 13:58:00,5,42,23.0,87,2.8,994.4,1013.3,2.0,3.1,14,6899.4,0
2017-02-06 14:03:00,5,42,23.0,87,2.7,994.2,1013.1,2.0,3.1,14,6899.4,0
2017-02-06 14:08:00,5,42,23.1,87,2.6,994.4,1013.3,2.4,3.4,14,6899.7,0
2017-02-06 14:13:00,5,42,23.1,87,2.6,994.1,1013.0,2.4,3.4,14,6899.7,0
2017-02-06 14:18:00,5,42,23.1,87,2.5,994.4,1013.3,2.4,3.4,14,6899.7,0
2017-02-06 14:23:00,5,42,23.1,87,2.5,994.6,1013.5,2.0,3.4,0,6899.7,0
2017-02-06 14:28:00,5,42,23.1,87,2.4,994.5,1013.4,2.7,3.7,14,6899.7,0
2017-02-06 14:33:00,5,42,23.1,87,2.4,994.5,1013.4,3.1,4.8,13,6899.7,0
2017-02-06 14:38:00,5,43,23.2,87,2.4,994.6,1013.5,2.7,4.1,14,6899.7,0
2017-02-06 14:43:00,5,43,23.2,87,2.4,994.6,1013.5,1.7,2.4,14,6899.7,0
2017-02-06 14:48:00,5,43,23.3,87,2.3,994.7,1013.6,3.4,4.1,14,6899.7,0
2017-02-06 14:53:00,5,43,23.3,87,2.3,994.6,1013.5,4.4,5.4,13,6899.7,0
2017-02-06 14:58:00,5,42,23.4,87,2.3,994.8,1013.7,3.1,4.4,14,6900.0,0
2017-02-06 15:03:00,5,42,23.4,87,2.3,994.9,1013.8,3.1,4.8,14,6900.0,0
2017-02-06 15:08:00,5,42,23.4,87,2.2,994.7,1013.6,3.7,5.1,14,6900.0,0
2017-02-06 15:13:00,5,42,23.4,87,2.2,994.8,1013.7,3.1,5.1,13,6900.0,0
2017-02-06 15:18:00,5,42,23.4,87,2.2,995.0,1013.9,2.7,3.4,13,6900.0,0
2017-02-06 15:23:00,5,42,23.4,87,2.2,994.9,1013.8,2.0,4.4,13,6900.3,0
2017-02-06 15:28:00,5,43,23.4,87,2.2,995.1,1014.0,1.4,2.0,14,6900.3,0
2017-02-06 15:33:00,5,43,23.4,87,2.2,995.2,1014.1,2.7,4.4,14,6900.3,0
2017-02-06 15:38:00,5,43,23.4,87,2.2,995.1,1014.0,2.7,4.4,2,6900.3,0
2017-02-06 15:43:00,5,43,23.4,87,2.2,995.0,1013.9,2.0,3.1,14,6900.3,0
2017-02-06 15:48:00,5,43,23.4,87,2.2,995.1,1014.0,2.7,3.7,14,6900.3,0
2017-02-06 15:53:00,5,43,23.4,87,2.2,995.0,1013.9,2.0,3.1,13,6900.3,0
2017-02-06 15:58:00,5,43,23.4,87,2.1,995.1,1014.0,3.1,4.1,12,6900.3,0
2017-02-06 16:03:00,5,43,23.4,87,2.1,995.3,1014.2,2.7,3.4,14,6900.3,0
2017-02-06 16:08:00,5,43,23.4,87,2.1,995.5,1014.4,2.0,3.7,12,6900.3,0
2017-02-06 16:13:00,5,44,23.4,87,2.1,995.3,1014.2,2.4,4.1,0,6900.3,0
2017-02-06 16:18:00,5,44,23.4,87,2.1,995.4,1014.3,2.4,3.4,14,6900.3,0
2017-02-06 16:23:00,5,44,23.4,87,2.2,995.5,1014.4,2.4,3.4,14,6900.3,0
2017-02-06 16:28:00,5,44,23.4,87,2.1,995.6,1014.5,2.0,3.4,14,6900.3,0
2017-02-06 16:33:00,5,44,23.4,87,2.1,995.6,1014.5,3.1,4.1,14,6900.6,0
2017-02-06 16:38:00,5,44,23.4,87,2.1,995.8,1014.7,2.7,3.7,14,6900.6,0
2017-02-06 16:43:00,5,43,23.4,88,2.1,995.8,1014.7,2.7,3.7,13,6900.6,0
2017-02-06 16:48:00,5,43,23.4,88,2.2,995.9,1014.8,3.1,3.7,14,6900.6,0
2017-02-06 16:53:00,5,43,23.4,88,2.2,995.9,1014.8,2.7,3.4,14,6900.6,0
2017-02-06 16:58:00,5,43,23.4,88,2.2,996.0,1014.9,1.4,3.1,14,6900.6,0
2017-02-06 17:03:00,5,43,23.4,88,2.1,996.1,1015.0,2.4,3.7,14,6900.6,0
2017-02-06 17:08:00,5,43,23.5,88,2.1,996.0,1014.9,1.4,2.4,0,6900.6,0
2017-02-06 17:13:00,5,43,23.5,88,2.1,996.2,1015.1,1.7,2.4,0,6900.9,0
2017-02-06 17:18:00,5,43,23.5,88,2.1,996.2,1015.1,2.4,4.1,14,6900.9,0
2017-02-06 17:23:00,5,43,23.5,88,2.1,996.3,1015.2,2.7,3.7,14,6900.9,0
2017-02-06 17:28:00,5,43,23.5,88,2.1,996.4,1015.3,2.0,3.1,0,6900.9,0
2017-02-06 17:33:00,5,43,23.6,88,2.2,996.4,1015.3,2.4,3.4,12,6900.9,0
2017-02-06 17:38:00,5,43,23.6,88,2.1,996.3,1015.2,1.4,3.1,15,6900.9,0
2017-02-06 17:43:00,5,43,23.6,88,2.1,996.5,1015.4,2.7,4.4,14,6900.9,0
2017-02-06 17:48:00,5,43,23.6,88,2.1,996.5,1015.4,3.1,4.4,0,6900.9,0
2017-02-06 17:53:00,5,43,23.6,88,2.1,996.6,1015.5,2.7,3.4,2,6900.9,0
2017-02-06 17:58:00,5,43,23.6,87,2.1,996.5,1015.4,1.7,2.7,0,6900.9,0
