2017-02-16 00:01:00,5,38,23.5,72,0.6,1015.0,1033.9,0.7,1.0,0,6901.5,0
2017-02-16 00:06:00,5,38,23.5,72,0.3,1014.8,1033.7,0.7,1.0,2,6901.5,0
2017-02-16 00:11:00,5,37,23.5,73,0.2,1015.0,1033.9,0,0,2,6901.5,0
2017-02-16 00:16:00,5,37,23.5,73,0,1015.0,1033.9,0.3,0.7,4,6901.5,0
2017-02-16 00:21:00,5,37,23.5,74,-0.2,1014.7,1033.6,0,0,2,6901.5,0
2017-02-16 00:26:00,5,37,23.5,74,-0.4,1014.8,1033.7,0,0,2,6901.5,0
2017-02-16 00:31:00,5,37,23.5,74,-0.5,1014.8,1033.7,0.7,1.0,2,6901.5,0
2017-02-16 00:36:00,5,37,23.5,75,-0.6,1014.9,1033.8,0,0,4,6901.5,0
2017-02-16 00:41:00,5,37,23.5,75,-0.8,1014.9,1033.8,0,0,4,6901.5,0
2017-02-16 00:46:00,5,37,23.5,75,-0.8,1014.7,1033.6,0,0,4,6901.5,0
2017-02-16 00:51:00,5,37,23.5,75,-0.7,1014.8,1033.7,0.3,0.7,4,6901.5,0
2017-02-16 00:56:00,5,37,23.5,75,-0.7,1014.8,1033.7,0.7,1.0,4,6901.5,0
2017-02-16 01:01:00,5,37,23.5,75,-0.7,1014.5,1033.4,0,0,4,6901.5,0
2017-02-16 01:06:00,5,37,23.5,75,-0.7,1014.8,1033.7,0,0,4,6901.5,0
2017-02-16 01:11:00,5,37,23.5,76,-0.8,1014.9,1033.8,0,0,4,6901.5,0
2017-02-16 01:16:00,5,37,23.5,76,-0.7,1014.7,1033.6,0,0,4,6901.5,0
2017-02-16 01:21:00,5,37,23.4,77,-0.6,1014.7,1033.6,0,0,6,6901.5,0
2017-02-16 01:26:00,5,37,23.4,77,-0.7,1014.7,1033.6,0,0,8,6901.5,0
2017-02-16 01:31:00,5,37,23.4,76,-0.7,1014.9,1033.8,0,0,8,6901.5,0
2017-02-16 01:36:00,5,37,23.4,76,-0.8,1014.6,1033.5,0.7,1.0,6,6901.5,0
2017-02-16 01:41:00,5,37,23.4,77,-0.7,1014.5,1033.4,0.3,0.7,6,6901.5,0
2017-02-16 01:46:00,5,37,23.4,77,-0.9,1014.7,1033.6,0.3,0.7,6,6901.5,0
2017-02-16 01:51:00,5,37,23.4,77,-1.0,1014.7,1033.6,0,0,8,6901.5,0
2017-02-16 01:56:00,5,37,23.4,78,-1.2,1014.5,1033.4,0,0,12,6901.5,0
2017-02-16 02:01:00,5,37,23.4,78,-1.2,1014.5,1033.4,0,0,6,6901.5,0
2017-02-16 02:06:00,5,37,23.4,78,-0.8,1014.6,1033.5,0.3,0.7,6,6901.5,0
2017-02-16 02:11:00,5,37,23.4,78,-0.6,1014.4,1033.3,0.7,1.0,6,6901.5,0
2017-02-16 02:16:00,5,37,23.4,78,-0.6,1014.2,1033.1,0.7,1.0,4,6901.5,0
2017-02-16 02:21:00,5,37,23.4,79,-0.6,1014.4,1033.3,0.7,1.0,4,6901.5,0
2017-02-16 02:26:00,5,37,23.4,80,-0.5,1014.1,1033.0,0.3,1.0,6,6901.5,0
2017-02-16 02:31:00,5,37,23.4,80,-0.5,1014.2,1033.1,0.3,0.7,6,6901.5,0
2017-02-16 02:36:00,5,37,23.3,80,-0.5,1014.3,1033.2,0,0,6,6901.5,0
2017-02-16 02:41:00,5,37,23.3,80,-0.4,1014.2,1033.1,1.0,1.7,4,6901.5,0
2017-02-16 02:46:00,5,37,23.3,81,-0.3,1014.2,1033.1,1.0,1.4,6,6901.5,0
2017-02-16 02:51:00,5,37,23.3,81,-0.2,1014.2,1033.1,0.7,1.0,2,6901.5,0
2017-02-16 02:56:00,5,37,23.3,80,-0.5,1014.5,1033.4,1.0,1.4,4,6901.5,0
2017-02-16 03:01:00,5,37,23.3,80,-0.4,1014.2,1033.1,1.0,1.7,5,6901.5,0
2017-02-16 03:06:00,5,37,23.3,80,-0.4,1014.0,1032.9,1.0,1.7,5,6901.5,0
2017-02-16 03:11:00,5,37,23.3,79,-0.3,1014.3,1033.2,0.3,1.0,6,6901.5,0
2017-02-16 03:16:00,5,37,23.3,79,-0.4,1014.2,1033.1,1.4,1.7,6,6901.5,0
2017-02-16 03:21:00,5,37,23.3,79,-0.4,1014.3,1033.2,1.4,2.0,6,6901.5,0
2017-02-16 03:26:00,5,37,23.3,78,-0.4,1014.1,1033.0,1.7,2.4,6,6901.5,0
2017-02-16 03:31:00,5,37,23.3,78,-0.5,1014.3,1033.2,0.3,0.7,2,6901.5,0
2017-02-16 03:36:00,5,37,23.2,78,-0.6,1014.3,1033.2,0,0.3,6,6901.5,0
2017-02-16 03:41:00,5,37,23.2,78,-0.7,1014.3,1033.2,0,0,10,6901.5,0
2017-02-16 03:46:00,5,37,23.1,77,-0.9,1014.4,1033.3,0,0,4,6901.5,0
2017-02-16 03:51:00,5,37,23.1,77,-1.0,1014.4,1033.3,0,0,4,6901.5,0
2017-02-16 03:56:00,5,37,23.1,77,-0.9,1014.3,1033.2,0.3,0.7,6,6901.5,0
2017-02-16 04:01:00,5,37,23.1,78,-1.1,1014.3,1033.2,0,0,6,6901.5,0
2017-02-16 04:06:00,5,37,23.1,78,-1.2,1014.4,1033.3,0.3,0.7,4,6901.5,0
2017-02-16 04:11:00,5,37,23.1,79,-1.2,1014.3,1033.2,0.7,1.0,4,6901.5,0
2017-02-16 04:16:00,5,37,23.1,79,-1.1,1014.4,1033.3,0,0.3,4,6901.5,0
2017-02-16 04:21:00,5,37,23.0,79,-1.2,1014.4,1033.3,0,0,4,6901.5,0
2017-02-16 04:26:00,5,37,23.0,79,-1.2,1014.2,1033.1,0,0,4,6901.5,0
2017-02-16 04:31:00,5,37,23.0,79,-1.3,1014.1,1033.0,0.3,0.7,4,6901.5,0
2017-02-16 04:36:00,5,37,23.0,80,-1.2,1014.3,1033.2,0.7,1.0,4,6901.5,0
2017-02-16 04:41:00,5,37,23.0,80,-1.1,1014.2,1033.1,0.7,0.7,4,6901.5,0
2017-02-16 04:46:00,5,37,23.0,80,-1.1,1014.0,1032.9,0.3,0.7,4,6901.5,0
2017-02-16 04:51:00,5,37,23.0,80,-1.1,1014.2,1033.1,0.3,0.7,4,6901.5,0
2017-02-16 04:56:00,5,38,22.9,81,-1.1,1014.1,1033.0,0.7,1.4,6,6901.5,0
2017-02-16 05:01:00,5,38,22.9,81,-1.1,1014.2,1033.1,0.7,1.0,4,6901.5,0
2017-02-16 05:06:00,5,38,22.9,81,-1.1,1014.1,1033.0,0.7,1.0,4,6901.5,0
2017-02-16 05:11:00,5,38,22.9,81,-1.3,1014.1,1033.0,0,0,6,6901.5,0
2017-02-16 05:16:00,5,38,22.9,81,-1.3,1014.0,1032.9,0.3,0.7,6,6901.5,0
2017-02-16 05:21:00,5,38,22.9,81,-1.4,1014.2,1033.1,0.7,1.0,6,6901.5,0
2017-02-16 05:26:00,5,38,22.8,81,-1.4,1014.2,1033.1,0.7,1.4,6,6901.5,0
2017-02-16 05:31:00,5,38,22.8,82,-1.5,1014.1,1033.0,0.3,0.7,8,6901.5,0
2017-02-16 05:36:00,5,38,22.8,82,-1.5,1014.0,1032.9,0.3,0.7,8,6901.5,0
2017-02-16 05:41:00,5,38,22.8,82,-1.6,1014.1,1033.0,0.3,0.7,6,6901.5,0
2017-02-16 05:46:00,5,38,22.9,82,-1.6,1014.1,1033.0,0.3,1.0,6,6901.5,0
2017-02-16 05:51:00,5,38,22.7,82,-1.6,1013.9,1032.8,0.7,1.4,6,6901.5,0
2017-02-16 05:56:00,5,38,22.7,82,-1.6,1014.2,1033.1,1.0,1.4,6,6901.5,0
2017-02-16 06:01:00,5,38,22.8,83,-1.5,1014.2,1033.1,0.7,1.0,6,6901.5,0
2017-02-16 06:06:00,5,38,22.8,83,-1.6,1014.2,1033.1,1.4,1.7,8,6901.5,0
2017-02-16 06:11:00,5,38,22.6,83,-1.6,1014.4,1033.3,1.4,1.7,6,6901.5,0
2017-02-16 06:16:00,5,38,22.6,83,-1.6,1014.3,1033.2,0.7,1.0,8,6901.5,0
2017-02-16 06:21:00,5,38,22.6,84,-1.6,1014.2,1033.1,1.0,1.4,6,6901.5,0
2017-02-16 06:26:00,5,38,22.6,84,-1.6,1014.3,1033.2,1.0,1.4,6,6901.5,0
2017-02-16 06:31:00,5,38,22.6,84,-1.5,1014.4,1033.3,0.7,2.0,6,6901.5,0
2017-02-16 06:36:00,5,38,22.6,84,-1.5,1014.4,1033.3,1.0,1.4,6,6901.5,0
2017-02-16 06:41:00,5,38,22.6,85,-1.5,1014.5,1033.4,1.4,2.4,6,6901.5,0
2017-02-16 06:46:00,5,38,22.6,85,-1.5,1014.3,1033.2,1.0,1.7,6,6901.5,0
2017-02-16 06:51:00,5,38,22.6,85,-1.5,1014.5,1033.4,1.0,2.0,6,6901.5,0
2017-02-16 06:56:00,5,38,22.6,85,-1.6,1014.5,1033.4,1.4,2.0,6,6901.5,0
2017-02-16 07:01:00,5,38,22.6,85,-1.9,1014.6,1033.5,1.4,1.7,4,6901.5,0
2017-02-16 07:06:00,5,39,22.5,85,-1.9,1014.3,1033.2,1.4,1.7,4,6901.5,0
2017-02-16 07:11:00,5,39,22.5,81,-2.5,1014.3,1033.2,1.4,2.0,6,6901.5,0
2017-02-16 07:16:00,5,40,22.5,81,-2.5,1014.4,1033.3,1.0,1.4,6,6901.5,0
2017-02-16 07:21:00,5,40,22.6,81,-2.4,1014.4,1033.3,1.7,2.4,6,6901.5,0
2017-02-16 07:26:00,5,40,22.6,81,-2.4,1014.4,1033.3,1.4,2.0,6,6901.5,0
2017-02-16 07:31:00,5,40,22.6,81,-2.4,1014.3,1033.2,1.4,2.0,7,6901.5,0
2017-02-16 07:36:00,5,40,22.6,82,-2.3,1014.4,1033.3,1.4,1.7,6,6901.5,0
2017-02-16 07:41:00,5,40,22.6,82,-2.2,1014.4,1033.3,1.0,1.7,6,6901.5,0
2017-02-16 07:46:00,5,40,22.6,82,-2.2,1014.1,1033.0,1.4,2.4,8,6901.5,0
2017-02-16 07:51:00,5,40,22.7,82,-2.2,1014.3,1033.2,2.0,2.4,4,6901.5,0
2017-02-16 07:56:00,5,39,22.7,82,-2.1,1014.2,1033.1,1.4,2.0,6,6901.5,0
2017-02-16 08:01:00,5,40,22.7,87,-2.0,1014.3,1033.2,2.0,2.7,6,6901.5,0
2017-02-16 08:06:00,5,39,22.7,87,-1.9,1014.3,1033.2,1.7,2.4,5,6901.5,0
2017-02-16 08:11:00,5,39,22.7,87,-1.9,1014.3,1033.2,1.0,1.7,6,6901.5,0
2017-02-16 08:16:00,5,39,22.8,87,-1.9,1014.2,1033.1,1.4,2.0,6,6901.5,0
2017-02-16 08:21:00,5,39,22.6,87,-1.8,1014.1,1033.0,1.4,2.4,6,6901.5,0
2017-02-16 08:26:00,5,39,22.6,87,-1.9,1014.1,1033.0,2.0,2.7,6,6901.5,0
2017-02-16 08:31:00,5,39,22.6,88,-1.7,1014.0,1032.9,1.4,2.0,4,6901.5,0
2017-02-16 08:36:00,5,39,22.6,88,-1.7,1014.0,1032.9,1.4,2.0,6,6901.5,0
2017-02-16 08:41:00,5,39,22.6,88,-1.6,1014.3,1033.2,1.7,2.0,6,6901.5,0
2017-02-16 08:46:00,5,39,22.6,88,-1.5,1014.2,1033.1,1.7,2.7,7,6901.5,0
2017-02-16 08:51:00,5,39,22.6,88,-1.6,1014.2,1033.1,1.7,2.0,7,6901.5,0
2017-02-16 08:56:00,5,39,22.6,88,-1.7,1013.9,1032.8,2.4,3.1,8,6901.5,0
2017-02-16 09:01:00,5,39,22.6,88,-1.7,1014.1,1033.0,1.7,2.4,7,6901.5,0
2017-02-16 09:06:00,5,39,22.7,88,-1.7,1014.0,1032.9,1.7,2.4,7,6901.5,0
2017-02-16 09:11:00,5,38,22.7,89,-1.6,1014.0,1032.9,2.4,3.1,8,6901.5,0
2017-02-16 09:16:00,5,38,22.6,89,-1.6,1014.1,1033.0,1.4,2.0,6,6901.5,0
2017-02-16 09:21:00,5,38,22.6,89,-1.4,1014.0,1032.9,2.0,3.1,6,6901.5,0
2017-02-16 09:26:00,5,38,22.6,89,-1.3,1014.0,1032.9,1.4,1.7,7,6901.5,0
2017-02-16 09:31:00,5,38,22.7,89,-1.4,1014.0,1032.9,2.7,3.4,8,6901.5,0
2017-02-16 09:36:00,5,38,22.7,89,-1.4,1013.9,1032.8,1.7,3.4,6,6901.5,0
2017-02-16 09:41:00,5,38,22.7,89,-1.4,1013.9,1032.8,1.7,2.4,6,6901.5,0
2017-02-16 09:46:00,5,38,22.8,89,-1.4,1013.9,1032.8,1.7,2.7,6,6901.5,0
2017-02-16 09:51:00,5,38,22.7,89,-1.4,1013.9,1032.8,1.7,2.7,7,6901.5,0
2017-02-16 09:56:00,5,38,22.7,89,-1.3,1013.9,1032.8,1.0,2.4,8,6901.5,0
2017-02-16 10:01:00,5,38,22.8,89,-1.4,1013.8,1032.7,3.1,3.4,6,6901.5,0
2017-02-16 10:06:00,5,38,22.7,89,-1.4,1013.9,1032.8,2.0,2.7,6,6901.5,0
2017-02-16 10:11:00,5,38,22.8,89,-1.4,1013.9,1032.8,2.0,2.7,8,6901.5,0
2017-02-16 10:16:00,5,38,22.7,89,-1.3,1013.8,1032.7,1.7,2.4,8,6901.5,0
2017-02-16 10:21:00,5,38,22.7,89,-1.1,1013.9,1032.8,1.0,1.4,8,6901.5,0
2017-02-16 10:26:00,5,38,22.7,89,-0.9,1013.8,1032.7,1.7,2.4,6,6901.5,0
2017-02-16 10:31:00,5,38,22.7,89,-0.9,1013.9,1032.8,1.0,2.0,6,6901.5,0
2017-02-16 10:36:00,5,38,22.7,89,-0.8,1013.6,1032.5,1.4,2.4,6,6901.5,0
2017-02-16 10:41:00,5,38,22.6,89,-0.9,1013.5,1032.4,1.4,2.0,6,6901.5,0
2017-02-16 10:46:00,5,38,22.6,89,-0.8,1013.4,1032.3,1.4,2.4,6,6901.5,0
2017-02-16 10:51:00,5,38,22.7,89,-0.8,1013.6,1032.5,1.4,1.7,4,6901.5,0
2017-02-16 10:56:00,5,38,22.8,89,-0.7,1013.6,1032.5,2.4,3.1,8,6901.5,0
2017-02-16 11:01:00,5,39,22.8,89,-0.7,1013.6,1032.5,2.0,2.7,6,6901.5,0
2017-02-16 11:06:00,5,38,22.9,89,-0.7,1013.5,1032.4,2.0,2.7,6,6901.5,0
2017-02-16 11:11:00,5,38,22.8,89,-0.6,1013.3,1032.2,1.4,2.4,8,6901.5,0
2017-02-16 11:16:00,5,38,22.8,89,-0.5,1013.1,1032.0,1.7,2.0,8,6901.5,0
2017-02-16 11:21:00,5,38,22.8,89,-0.5,1013.0,1031.9,0.7,1.0,6,6901.5,0
2017-02-16 11:26:00,5,38,22.8,89,-0.3,1013.0,1031.9,1.4,2.0,4,6901.5,0
2017-02-16 11:31:00,5,38,23.0,89,-0.3,1012.9,1031.8,0.3,1.0,4,6901.5,0
2017-02-16 11:36:00,5,38,23.0,89,-0.1,1013.0,1031.9,0.7,1.0,6,6901.5,0
2017-02-16 11:41:00,5,38,23.0,89,-0.1,1012.8,1031.7,1.4,2.0,6,6901.5,0
2017-02-16 11:46:00,5,38,23.0,89,-0.2,1012.8,1031.7,2.0,2.4,6,6901.5,0
2017-02-16 11:51:00,5,38,23.0,89,-0.1,1012.8,1031.7,2.0,2.7,6,6901.5,0
2017-02-16 11:56:00,5,38,23.0,89,-0.2,1012.7,1031.6,2.0,2.7,6,6901.5,0
2017-02-16 12:01:00,5,38,23.0,89,-0.1,1012.8,1031.7,1.0,2.4,4,6901.5,0
2017-02-16 12:06:00,5,37,23.0,88,0,1012.8,1031.7,1.7,2.0,6,6901.5,0
2017-02-16 12:11:00,5,37,23.0,88,0,1012.7,1031.6,1.0,1.4,4,6901.5,0
2017-02-16 12:16:00,5,38,23.0,88,0,1012.6,1031.5,1.4,1.7,6,6901.5,0
2017-02-16 12:21:00,5,38,23.0,89,-0.1,1012.5,1031.4,1.4,1.7,7,6901.5,0
2017-02-16 12:26:00,5,38,23.0,88,0.1,1012.5,1031.4,1.0,1.7,6,6901.5,0
2017-02-16 12:31:00,5,38,23.0,88,0.1,1012.5,1031.4,1.7,2.0,6,6901.5,0
2017-02-16 12:36:00,5,38,23.0,88,0.1,1012.5,1031.4,1.7,2.0,6,6901.5,0
2017-02-16 12:41:00,5,39,22.9,89,0.2,1012.2,1031.1,1.0,1.7,6,6901.5,0
2017-02-16 12:46:00,5,39,23.0,89,0.2,1012.1,1031.0,1.0,1.7,5,6901.5,0
2017-02-16 12:51:00,5,38,23.0,88,0.2,1012.1,1031.0,1.0,2.0,2,6901.5,0
2017-02-16 12:56:00,5,39,22.9,89,0.3,1012.0,1030.9,0.7,1.4,5,6901.5,0
2017-02-16 13:01:00,5,39,22.9,89,0.3,1012.3,1031.2,1.7,2.4,6,6901.5,0
2017-02-16 13:06:00,5,39,22.9,89,0.3,1011.9,1030.8,1.7,2.4,6,6901.5,0
2017-02-16 13:11:00,5,39,22.8,89,0.4,1011.8,1030.7,1.0,1.7,6,6901.5,0
2017-02-16 13:16:00,5,39,22.8,89,0.3,1011.7,1030.6,1.4,2.7,4,6901.5,0
2017-02-16 13:21:00,5,39,22.8,88,0.3,1011.9,1030.8,1.4,2.4,6,6901.5,0
2017-02-16 13:26:00,5,39,22.8,88,0.3,1011.8,1030.7,1.7,2.7,4,6901.5,0
2017-02-16 13:31:00,5,39,22.7,88,0.3,1011.7,1030.6,1.7,2.4,6,6901.5,0
2017-02-16 13:36:00,5,39,22.7,88,0.3,1011.7,1030.6,2.0,3.1,4,6901.5,0
2017-02-16 13:41:00,5,39,22.6,88,0.3,1011.8,1030.7,1.7,2.4,6,6901.5,0
2017-02-16 13:46:00,5,39,22.6,88,0.3,1011.6,1030.5,2.0,2.7,6,6901.5,0
2017-02-16 13:51:00,5,39,22.6,88,0.2,1011.8,1030.7,1.7,2.4,4,6901.5,0
2017-02-16 13:56:00,5,39,22.6,88,0.2,1011.5,1030.4,2.0,3.1,6,6901.5,0
2017-02-16 14:01:00,5,39,22.6,88,0.3,1011.4,1030.3,1.7,2.4,6,6901.5,0
2017-02-16 14:06:00,5,39,22.6,88,0.2,1011.5,1030.4,1.7,2.7,6,6901.5,0
2017-02-16 14:11:00,5,39,22.6,89,0.3,1011.2,1030.1,2.4,3.1,7,6901.5,0
2017-02-16 14:16:00,5,39,22.6,89,0.2,1011.2,1030.1,1.7,2.4,6,6901.5,0
2017-02-16 14:21:00,5,39,22.6,89,0.2,1011.2,1030.1,1.4,2.4,6,6901.5,0
2017-02-16 14:26:00,5,39,22.6,89,0.2,1011.2,1030.1,2.4,3.1,6,6901.5,0
2017-02-16 14:31:00,5,39,22.6,89,0.2,1011.1,1030.0,2.0,2.7,4,6901.5,0
2017-02-16 14:36:00,5,39,22.6,89,0.2,1011.1,1030.0,0.7,1.4,4,6901.5,0
2017-02-16 14:41:00,5,39,22.6,89,0.1,1011.0,1029.9,1.7,2.7,6,6901.5,0
2017-02-16 14:46:00,5,39,22.6,88,0,1011.1,1030.0,2.4,3.4,6,6901.5,0
2017-02-16 14:51:00,5,39,22.6,89,-0.1,1011.1,1030.0,1.7,2.7,6,6901.5,0
2017-02-16 14:56:00,5,39,22.6,89,-0.1,1011.1,1030.0,1.0,2.0,6,6901.5,0
2017-02-16 15:01:00,5,39,22.6,89,-0.1,1010.9,1029.8,1.4,1.7,6,6901.5,0
2017-02-16 15:06:00,5,39,22.6,89,-0.1,1011.0,1029.9,1.4,1.7,6,6901.5,0
2017-02-16 15:11:00,5,39,22.6,90,-0.1,1010.8,1029.7,1.7,2.4,6,6901.5,0
2017-02-16 15:16:00,5,39,22.6,90,-0.2,1010.7,1029.6,1.7,2.4,4,6901.5,0
2017-02-16 15:21:00,5,38,22.5,90,-0.2,1010.8,1029.7,2.4,3.7,4,6901.5,0
2017-02-16 15:26:00,5,38,22.5,90,-0.2,1010.7,1029.6,1.7,2.4,6,6901.5,0
2017-02-16 15:31:00,5,38,22.5,90,-0.2,1010.9,1029.8,2.0,2.7,6,6901.5,0
2017-02-16 15:36:00,5,38,22.5,90,-0.2,1010.8,1029.7,1.0,2.4,6,6901.5,0
2017-02-16 15:41:00,5,38,22.5,90,-0.2,1010.6,1029.5,2.0,2.7,6,6901.5,0
2017-02-16 15:46:00,5,38,22.5,90,-0.2,1010.8,1029.7,2.4,3.1,,6901.5,2048
2017-02-16 15:51:00,5,38,22.5,90,-0.2,1010.7,1029.6,2.4,3.4,6,6901.5,0
2017-02-16 15:56:00,5,38,22.5,90,-0.3,1010.7,1029.6,1.7,2.4,6,6901.5,0
2017-02-16 16:01:00,5,38,22.5,90,-0.2,1010.7,1029.6,2.0,3.4,6,6901.5,0
2017-02-16 16:06:00,5,38,22.6,91,-0.3,1010.7,1029.6,1.7,2.7,4,6901.5,0
2017-02-16 16:11:00,5,38,22.5,91,-0.3,1010.7,1029.6,1.7,3.1,6,6901.5,0
2017-02-16 16:16:00,5,38,22.5,91,-0.3,1010.7,1029.6,1.7,2.4,6,6901.5,0
2017-02-16 16:21:00,5,38,22.6,91,-0.2,1010.6,1029.5,2.0,2.7,7,6901.5,0
2017-02-16 16:26:00,5,38,22.6,91,-0.3,1010.7,1029.6,1.4,2.0,6,6901.5,0
2017-02-16 16:31:00,5,38,22.6,91,-0.3,1010.7,1029.6,1.7,2.4,5,6901.5,0
2017-02-16 16:36:00,5,38,22.6,91,-0.3,1010.7,1029.6,1.7,2.4,5,6901.5,0
2017-02-16 16:41:00,5,38,22.6,91,-0.3,1010.6,1029.5,2.0,2.7,4,6901.5,0
2017-02-16 16:46:00,5,38,22.6,91,-0.4,1010.7,1029.6,1.7,2.7,6,6901.5,0
2017-02-16 16:51:00,5,38,22.6,91,-0.4,1010.6,1029.5,2.0,2.4,6,6901.5,0
2017-02-16 16:56:00,5,38,22.6,91,-0.4,1010.7,1029.6,2.7,3.4,6,6901.5,0
2017-02-16 17:01:00,5,38,22.6,91,-0.5,1010.6,1029.5,1.7,2.4,8,6901.5,0
2017-02-16 17:06:00,5,38,22.6,91,-0.5,1010.6,1029.5,1.7,2.4,8,6901.5,0
2017-02-16 17:11:00,5,38,22.6,91,-0.6,1010.7,1029.6,1.7,2.4,6,6901.5,0
2017-02-16 17:16:00,5,38,22.6,91,-0.5,1010.8,1029.7,1.0,1.4,6,6901.5,0
2017-02-16 17:21:00,5,38,22.6,91,-0.5,1010.6,1029.5,1.0,1.7,6,6901.5,0
2017-02-16 17:26:00,5,38,22.6,91,-0.5,1010.6,1029.5,1.7,2.7,6,6901.5,0
2017-02-16 17:31:00,5,38,22.6,91,-0.7,1010.7,1029.6,1.4,2.7,6,6901.5,0
2017-02-16 17:36:00,5,38,22.5,91,-0.7,1010.7,1029.6,1.7,2.7,6,6901.5,0
2017-02-16 17:41:00,5,38,22.5,91,-0.8,1010.6,1029.5,0,0,5,6901.5,0
2017-02-16 17:46:00,5,38,22.5,91,-0.8,1010.4,1029.3,0,0,4,6901.5,0
2017-02-16 17:51:00,5,38,22.5,91,-0.8,1010.4,1029.3,0,0,6,6901.5,0
2017-02-16 17:56:00,5,38,22.5,91,-0.8,1010.5,1029.4,0,0,6,6901.5,0
2017-02-16 18:01:00,5,38,22.5,91,-0.8,1010.3,1029.2,0,0,6,6901.5,0
2017-02-16 18:06:00,5,38,22.6,91,-0.8,1010.5,1029.4,0,0,6,6901.5,0
2017-02-16 18:11:00,5,38,22.6,91,-0.8,1010.2,1029.1,0,0,6,6901.5,0
2017-02-16 18:16:00,5,38,22.6,91,-0.8,1010.1,1029.0,0,0,6,6901.5,0
2017-02-16 18:21:00,5,38,22.5,91,-0.8,1010.3,1029.2,0,0,6,6901.5,0
2017-02-16 18:26:00,5,38,22.6,91,-0.8,1010.3,1029.2,0,0,6,6901.5,0
2017-02-16 18:31:00,5,38,22.6,91,-0.8,1010.3,1029.2,0,0,8,6901.5,0
2017-02-16 18:36:00,5,38,22.6,91,-0.8,1010.4,1029.3,0,0,6,6901.5,0
2017-02-16 18:41:00,5,38,22.6,92,-0.8,1010.3,1029.2,0,0,8,6901.5,0
2017-02-16 18:46:00,5,38,22.6,92,-0.7,1010.1,1029.0,0,0,8,6901.5,0
2017-02-16 18:51:00,5,38,22.6,92,-0.7,1010.1,1029.0,0,0,6,6901.5,0
2017-02-16 18:56:00,5,38,22.6,92,-0.7,1010.3,1029.2,0,0,8,6901.5,0
2017-02-16 19:01:00,5,38,22.6,92,-0.7,1010.2,1029.1,0,0,6,6901.5,0
2017-02-16 19:06:00,5,38,22.6,92,-0.7,1009.9,1028.8,0,0,6,6901.5,0
2017-02-16 19:11:00,5,38,22.6,92,-0.7,1009.9,1028.8,0,0,7,6901.5,0
2017-02-16 19:16:00,5,38,22.6,92,-0.7,1010.1,1029.0,0,0,8,6901.5,0
2017-02-16 19:21:00,5,38,22.7,92,-0.8,1010.0,1028.9,0,0,6,6901.5,0
2017-02-16 19:26:00,5,38,22.7,92,-0.7,1010.0,1028.9,0,0,6,6901.5,0
2017-02-16 19:31:00,5,38,22.7,92,-0.7,1009.9,1028.8,0,0,6,6901.5,0
2017-02-16 19:36:00,5,38,22.7,92,-0.7,1009.9,1028.8,0,0,6,6901.5,0
2017-02-16 19:41:00,5,38,22.6,92,-0.8,1009.9,1028.8,0,0,6,6901.5,0
2017-02-16 19:46:00,5,38,22.6,92,-0.7,1010.1,1029.0,0,0,5,6901.5,0
2017-02-16 19:51:00,5,38,22.6,92,-0.7,1010.1,1029.0,0,0,8,6901.5,0
2017-02-16 19:56:00,5,38,22.6,92,-0.7,1010.2,1029.1,0,0,7,6901.5,0
2017-02-16 20:01:00,5,38,22.7,92,-0.8,1010.0,1028.9,0,0,6,6901.5,0
2017-02-16 20:06:00,5,38,22.7,92,-0.8,1010.0,1028.9,0,0,8,6901.5,0
2017-02-16 20:11:00,5,38,22.7,93,-0.8,1009.9,1028.8,0,0,6,6901.5,0
2017-02-16 20:16:00,5,38,22.7,93,-0.8,1010.1,1029.0,0,0,6,6901.5,0
2017-02-16 20:21:00,5,38,22.6,93,-0.8,1009.8,1028.7,0,0,6,6901.5,0
2017-02-16 20:26:00,5,38,22.6,93,-0.8,1009.9,1028.8,0,0,7,6901.5,0
2017-02-16 20:31:00,5,38,22.6,93,-0.8,1009.8,1028.7,0,0,6,6901.5,0
2017-02-16 20:36:00,5,38,22.6,93,-0.8,1009.8,1028.7,0,0,6,6901.5,0
2017-02-16 20:41:00,5,38,22.5,93,-0.8,1010.1,1029.0,0,0,8,6901.5,0
2017-02-16 20:46:00,5,38,22.5,93,-0.9,1009.7,1028.6,0,0,6,6901.5,0
2017-02-16 20:51:00,5,38,22.5,93,-0.8,1010.0,1028.9,0,0,6,6901.5,0
2017-02-16 20:56:00,5,38,22.5,93,-0.8,1009.8,1028.7,0,0,8,6901.5,0
2017-02-16 21:01:00,5,38,22.4,93,-0.8,1010.0,1028.9,0,0,6,6901.5,0
2017-02-16 21:06:00,5,38,22.4,93,-0.8,1009.9,1028.8,0,0,6,6901.5,0
2017-02-16 21:11:00,5,38,22.4,93,-0.8,1009.8,1028.7,0,0,6,6901.5,0
2017-02-16 21:16:01,5,39,22.4,93,-0.8,1009.6,1028.5,0,0,7,6901.5,0
2017-02-16 21:21:01,5,39,22.4,93,-0.8,1009.6,1028.5,0,0,6,6901.5,0
2017-02-16 21:26:01,5,39,22.3,93,-0.8,1009.6,1028.5,0,0,6,6901.5,0
2017-02-16 21:31:01,5,39,22.3,93,-0.8,1009.4,1028.3,0,0,6,6901.5,0
2017-02-16 21:36:01,5,39,22.4,93,-0.8,1009.5,1028.4,0,0,6,6901.5,0
2017-02-16 21:41:01,5,39,22.4,93,-0.9,1009.5,1028.4,0,0,6,6901.5,0
2017-02-16 21:46:01,5,39,22.4,93,-0.9,1009.2,1028.1,0,0,6,6901.5,0
2017-02-16 21:51:01,5,39,22.5,93,-0.8,1009.2,1028.1,0,0,6,6901.5,0
2017-02-16 21:56:01,5,39,22.5,93,-0.9,1009.3,1028.2,0,0,6,6901.5,0
2017-02-16 22:01:01,5,39,22.5,93,-0.9,1009.3,1028.2,0,0,8,6901.5,0
2017-02-16 22:06:01,5,39,22.5,93,-1.0,1009.3,1028.2,0,0,8,6901.5,0
2017-02-16 22:11:01,5,39,22.5,93,-1.0,1009.1,1028.0,0,0,6,6901.5,0
2017-02-16 22:16:01,5,39,22.5,93,-1.0,1009.2,1028.1,0,0,8,6901.5,0
2017-02-16 22:21:01,5,39,22.5,94,-1.1,1009.1,1028.0,0,0,8,6901.5,0
2017-02-16 22:26:01,5,39,22.5,93,-1.0,1009.0,1027.9,0,0,8,6901.5,0
2017-02-16 22:31:01,5,39,22.5,93,-1.0,1008.8,1027.7,0,0,6,6901.5,0
2017-02-16 22:36:01,5,39,22.5,93,-1.0,1008.8,1027.7,0,0,7,6901.5,0
2017-02-16 22:41:01,5,38,22.5,93,-1.0,1009.0,1027.9,0,0,8,6901.5,0
2017-02-16 22:46:01,5,38,22.5,93,-1.0,1008.7,1027.6,0,0,8,6901.5,0
2017-02-16 22:51:01,5,38,22.5,93,-0.9,1008.8,1027.7,0,0,8,6901.5,0
2017-02-16 22:56:01,5,38,22.5,93,-0.9,1008.6,1027.5,0,0,8,6901.5,0
2017-02-16 23:01:01,5,38,22.4,93,-1.0,1008.9,1027.8,0,0,8,6901.5,0
2017-02-16 23:06:01,5,38,22.4,93,-1.0,1008.8,1027.7,0,0,8,6901.5,0
2017-02-16 23:11:01,5,38,22.4,93,-0.9,1008.7,1027.6,0,0,8,6901.5,0
2017-02-16 23:16:01,5,38,22.4,93,-0.9,1008.4,1027.3,0,0,6,6901.5,0
2017-02-16 23:21:01,5,38,22.3,93,-0.9,1008.6,1027.5,0,0,7,6901.5,0
2017-02-16 23:26:01,5,38,22.3,93,-0.9,1008.6,1027.5,0,0,8,6901.5,0
2017-02-16 23:31:01,5,38,22.3,94,-1.1,1008.5,1027.4,0,0,8,6901.5,0
2017-02-16 23:36:01,5,38,22.3,94,-1.1,1008.3,1027.2,0,0,8,6901.5,0
2017-02-16 23:41:01,5,38,22.3,94,-1.2,1008.1,1027.0,0,0,7,6901.5,0
2017-02-16 23:46:01,5,38,22.3,94,-1.2,1008.1,1027.0,0,0,8,6901.5,0
2017-02-16 23:51:01,5,38,22.3,94,-1.1,1008.1,1027.0,0,0,8,6901.5,0
2017-02-16 23:56:01,5,38,22.3,94,-1.1,1008.1,1027.0,0,0,8,6901.5,0
