2017-02-18 00:01:00,5,39,23.1,78,4.1,1003.7,1022.6,1.0,1.7,10,6902.1,0
2017-02-18 00:06:00,5,39,23.1,78,4.1,1003.6,1022.5,1.4,2.0,12,6902.1,0
2017-02-18 00:11:00,5,39,23.1,78,4.1,1003.6,1022.5,1.4,2.0,10,6902.1,0
2017-02-18 00:16:00,5,39,23.1,78,4.1,1003.6,1022.5,0.3,0.7,14,6902.1,0
2017-02-18 00:21:00,5,39,23.0,79,3.9,1003.7,1022.6,0.7,1.4,0,6902.1,0
2017-02-18 00:26:00,5,39,23.0,79,3.9,1003.5,1022.4,0,0.3,10,6902.1,0
2017-02-18 00:31:00,5,39,23.0,79,3.9,1003.5,1022.4,0,0.7,10,6902.1,0
2017-02-18 00:36:00,5,39,23.0,80,3.9,1003.7,1022.6,0.7,1.0,11,6902.1,0
2017-02-18 00:41:00,5,39,23.0,80,3.9,1003.4,1022.3,1.4,2.0,12,6902.1,0
2017-02-18 00:46:00,5,39,23.0,80,3.8,1003.4,1022.3,1.0,1.4,12,6902.1,0
2017-02-18 00:51:00,5,39,23.0,80,3.8,1003.6,1022.5,1.0,1.7,12,6902.1,0
2017-02-18 00:56:00,5,39,23.0,80,3.8,1003.3,1022.2,1.4,2.4,12,6902.1,0
2017-02-18 01:01:00,5,39,23.0,80,3.7,1003.4,1022.3,1.7,2.0,15,6902.1,0
2017-02-18 01:06:00,5,39,22.9,80,3.7,1003.4,1022.3,1.7,2.0,12,6902.1,0
2017-02-18 01:11:00,5,39,23.0,81,3.6,1003.2,1022.1,1.7,2.4,12,6902.1,0
2017-02-18 01:16:00,5,39,23.0,81,3.6,1003.4,1022.3,2.0,2.7,12,6902.1,0
2017-02-18 01:21:00,5,39,23.0,81,3.6,1003.2,1022.1,2.4,3.1,12,6902.1,0
2017-02-18 01:26:00,5,39,23.0,81,3.5,1003.3,1022.2,2.4,3.1,10,6902.1,0
2017-02-18 01:31:00,5,39,23.0,81,3.5,1003.2,1022.1,2.4,3.1,12,6902.1,0
2017-02-18 01:36:00,5,39,23.0,82,3.5,1003.3,1022.2,2.4,3.4,12,6902.1,0
2017-02-18 01:41:00,5,39,23.0,82,3.6,1003.4,1022.3,2.0,3.1,13,6902.1,0
2017-02-18 01:46:00,5,39,23.0,82,3.6,1003.2,1022.1,2.4,3.1,14,6902.1,0
2017-02-18 01:51:00,5,39,23.0,82,3.6,1003.2,1022.1,1.7,3.4,13,6902.1,0
2017-02-18 01:56:00,5,39,23.0,82,3.7,1003.4,1022.3,2.4,3.4,12,6902.1,0
2017-02-18 02:01:00,5,39,23.0,82,3.8,1003.4,1022.3,1.4,2.0,12,6902.1,0
2017-02-18 02:06:00,5,39,22.9,81,3.8,1003.5,1022.4,1.4,2.0,14,6902.1,0
2017-02-18 02:11:00,5,39,22.9,81,3.7,1003.5,1022.4,1.7,2.4,14,6902.1,0
2017-02-18 02:16:00,5,39,22.8,81,3.6,1003.4,1022.3,2.4,3.1,14,6902.1,0
2017-02-18 02:21:00,5,39,22.8,81,3.6,1003.3,1022.2,2.0,2.7,14,6902.1,0
2017-02-18 02:26:00,5,39,22.8,81,3.8,1003.5,1022.4,3.4,5.8,14,6902.1,0
2017-02-18 02:31:00,5,39,22.8,80,4.0,1003.5,1022.4,2.0,3.1,14,6902.1,0
2017-02-18 02:36:00,5,39,22.7,80,3.9,1003.6,1022.5,2.0,2.7,13,6902.1,0
2017-02-18 02:41:00,5,39,22.7,80,3.8,1003.6,1022.5,2.4,3.4,14,6902.1,0
2017-02-18 02:46:00,5,39,22.7,80,3.9,1003.6,1022.5,1.7,3.1,10,6902.1,0
2017-02-18 02:51:00,5,39,22.7,80,3.9,1003.8,1022.7,3.1,4.4,11,6902.1,0
2017-02-18 02:56:00,5,39,22.6,80,3.9,1003.5,1022.4,2.4,3.7,14,6902.1,0
2017-02-18 03:01:00,5,39,22.6,80,3.9,1003.5,1022.4,2.7,3.7,14,6902.1,0
2017-02-18 03:06:00,5,39,22.6,80,3.9,1003.6,1022.5,2.7,3.7,14,6902.1,0
2017-02-18 03:11:00,5,39,22.6,81,3.9,1003.5,1022.4,2.0,2.7,12,6902.1,0
2017-02-18 03:16:00,5,39,22.6,81,3.9,1003.5,1022.4,1.4,2.4,14,6902.1,0
2017-02-18 03:21:00,5,39,22.6,81,3.9,1003.6,1022.5,2.4,3.1,14,6902.1,0
2017-02-18 03:26:00,5,39,22.6,80,4.0,1003.6,1022.5,1.4,2.4,13,6902.1,0
2017-02-18 03:31:00,5,39,22.5,80,4.0,1003.5,1022.4,2.4,3.4,14,6902.1,0
2017-02-18 03:36:00,5,39,22.5,80,4.0,1003.5,1022.4,1.7,2.4,14,6902.1,0
2017-02-18 03:41:00,5,39,22.6,80,4.0,1003.5,1022.4,1.4,2.4,12,6902.1,0
2017-02-18 03:46:00,5,39,22.6,81,3.9,1003.5,1022.4,1.4,2.0,10,6902.1,0
2017-02-18 03:51:00,5,39,22.6,81,3.9,1003.7,1022.6,1.7,2.0,13,6902.1,0
2017-02-18 03:56:00,5,39,22.6,80,4.0,1003.5,1022.4,2.7,3.4,14,6902.1,0
2017-02-18 04:01:00,5,39,22.6,80,4.0,1003.5,1022.4,2.4,3.1,10,6902.1,0
2017-02-18 04:06:00,5,39,22.5,80,4.0,1003.7,1022.6,2.7,3.1,12,6902.1,0
2017-02-18 04:11:00,5,39,22.5,80,4.0,1003.5,1022.4,2.4,3.1,14,6902.1,0
2017-02-18 04:16:00,5,39,22.6,80,4.1,1003.6,1022.5,2.0,2.4,12,6902.1,0
2017-02-18 04:21:00,5,39,22.5,80,4.1,1003.7,1022.6,2.0,3.7,12,6902.1,0
2017-02-18 04:26:00,5,39,22.6,80,4.0,1003.7,1022.6,2.7,4.4,14,6902.1,0
2017-02-18 04:31:00,5,39,22.6,80,4.0,1003.7,1022.6,2.0,3.1,12,6902.1,0
2017-02-18 04:36:00,5,39,22.6,80,4.0,1003.7,1022.6,2.4,3.4,13,6902.1,0
2017-02-18 04:41:00,5,39,22.6,81,3.9,1003.7,1022.6,3.1,4.4,12,6902.1,0
2017-02-18 04:46:00,5,39,22.6,82,3.9,1003.9,1022.8,2.0,3.1,12,6902.1,0
2017-02-18 04:51:00,5,39,22.6,82,3.8,1003.7,1022.6,2.0,2.7,14,6902.1,0
2017-02-18 04:56:00,5,39,22.6,82,3.8,1003.7,1022.6,2.7,3.1,12,6902.1,0
2017-02-18 05:01:00,5,39,22.6,83,3.8,1003.8,1022.7,2.7,4.1,13,6902.1,0
2017-02-18 05:06:00,5,39,22.6,83,3.8,1003.7,1022.6,2.7,4.1,13,6902.1,0
2017-02-18 05:11:00,5,39,22.6,83,3.8,1003.9,1022.8,2.0,3.1,14,6902.1,0
2017-02-18 05:16:00,5,39,22.6,84,3.8,1003.7,1022.6,3.1,3.7,14,6902.1,0
2017-02-18 05:21:00,5,39,22.6,84,3.8,1003.8,1022.7,2.4,2.7,12,6902.1,0
2017-02-18 05:26:00,5,39,22.6,84,3.8,1003.7,1022.6,2.4,3.7,14,6902.1,0
2017-02-18 05:31:00,5,39,22.6,84,3.8,1003.8,1022.7,2.7,4.1,12,6902.1,0
2017-02-18 05:36:00,5,39,22.6,84,3.8,1004.0,1022.9,3.1,4.4,0,6902.1,0
2017-02-18 05:41:00,5,39,22.6,84,3.8,1003.9,1022.8,2.0,3.1,13,6902.1,0
2017-02-18 05:46:00,5,39,22.6,84,3.8,1003.9,1022.8,3.1,4.4,12,6902.1,0
2017-02-18 05:51:00,5,39,22.6,84,3.8,1004.1,1023.0,2.0,3.1,11,6902.1,0
2017-02-18 05:56:00,5,39,22.6,84,3.8,1004.0,1022.9,3.1,4.4,12,6902.1,0
2017-02-18 06:01:00,5,39,22.6,84,3.8,1004.0,1022.9,4.4,6.5,13,6902.1,0
2017-02-18 06:06:00,5,39,22.6,84,3.8,1004.0,1022.9,3.4,5.4,0,6902.1,0
2017-02-18 06:11:00,5,39,22.6,84,3.8,1004.1,1023.0,4.4,7.5,12,6902.1,0
2017-02-18 06:16:00,5,39,22.6,84,3.8,1004.5,1023.4,3.7,5.4,12,6902.1,0
2017-02-18 06:21:00,5,39,22.6,84,3.8,1004.6,1023.5,3.1,5.8,15,6902.4,0
2017-02-18 06:26:00,5,39,22.6,85,3.8,1004.6,1023.5,3.1,4.8,14,6902.7,0
2017-02-18 06:31:00,5,39,22.6,85,3.7,1004.6,1023.5,4.8,5.8,14,6902.7,0
2017-02-18 06:36:00,5,39,22.6,85,3.6,1004.6,1023.5,3.7,4.8,12,6903.0,0
2017-02-18 06:41:00,5,39,22.6,85,3.6,1004.5,1023.4,3.7,6.8,12,6903.0,0
2017-02-18 06:46:00,5,39,22.6,85,3.6,1004.6,1023.5,4.8,5.8,14,6903.0,0
2017-02-18 06:51:00,5,39,22.6,85,3.5,1004.6,1023.5,4.1,5.4,14,6903.0,0
2017-02-18 06:56:00,5,39,22.6,85,3.5,1004.7,1023.6,3.7,4.8,14,6903.0,0
2017-02-18 07:01:00,5,39,22.6,85,3.6,1004.5,1023.4,4.1,5.4,14,6903.0,0
2017-02-18 07:06:00,5,39,22.6,85,3.6,1004.6,1023.5,4.1,5.4,14,6903.0,0
2017-02-18 07:11:00,5,39,22.5,85,3.6,1004.8,1023.7,3.1,4.4,14,6903.0,0
2017-02-18 07:16:00,5,39,22.5,85,3.7,1004.6,1023.5,2.4,4.1,14,6903.0,0
2017-02-18 07:21:00,5,39,22.5,85,3.7,1004.7,1023.6,2.0,2.7,14,6903.0,0
2017-02-18 07:26:00,5,39,22.5,86,3.8,1004.7,1023.6,2.0,3.1,14,6903.0,0
2017-02-18 07:31:00,5,39,22.5,86,3.8,1004.8,1023.7,2.7,3.1,12,6903.0,0
2017-02-18 07:36:00,5,39,22.5,86,3.9,1004.7,1023.6,2.0,3.4,12,6903.0,0
2017-02-18 07:41:00,5,39,22.5,85,4.0,1004.5,1023.4,2.0,3.1,13,6903.0,0
2017-02-18 07:46:00,5,39,22.5,85,4.1,1004.7,1023.6,3.1,4.8,12,6903.0,0
2017-02-18 07:51:00,5,39,22.5,85,4.1,1004.4,1023.3,2.4,3.4,14,6903.0,0
2017-02-18 07:56:00,5,39,22.5,85,4.1,1004.7,1023.6,2.4,3.4,14,6903.0,0
2017-02-18 08:01:00,5,39,22.6,85,4.3,1004.7,1023.6,2.7,4.4,13,6903.0,0
2017-02-18 08:06:00,5,39,22.5,85,4.3,1004.7,1023.6,2.7,4.4,13,6903.0,0
2017-02-18 08:11:00,5,39,22.5,84,4.4,1004.5,1023.4,2.7,3.4,14,6903.0,0
2017-02-18 08:16:00,5,39,22.5,84,4.4,1004.6,1023.5,2.4,4.1,14,6903.0,0
2017-02-18 08:21:00,5,39,22.5,84,4.4,1004.7,1023.6,2.4,4.1,14,6903.0,0
2017-02-18 08:26:00,5,39,22.5,84,4.8,1004.7,1023.6,1.7,2.4,14,6903.0,0
2017-02-18 08:31:00,5,39,22.5,83,5.0,1004.8,1023.7,3.1,5.4,0,6903.0,0
2017-02-18 08:36:00,5,39,22.5,82,5.0,1004.8,1023.7,2.0,3.7,0,6903.0,0
2017-02-18 08:41:00,5,39,22.5,82,5.1,1005.0,1023.9,3.1,3.7,14,6903.0,0
2017-02-18 08:46:00,5,39,22.5,81,5.2,1004.8,1023.7,2.4,4.4,14,6903.0,0
2017-02-18 08:51:00,5,39,22.5,81,5.3,1004.8,1023.7,2.4,3.1,15,6903.0,0
2017-02-18 08:56:00,5,39,22.5,81,5.4,1004.9,1023.8,2.4,3.1,14,6903.0,0
2017-02-18 09:01:00,5,39,22.5,80,5.4,1004.8,1023.7,2.7,3.4,14,6903.0,0
2017-02-18 09:06:00,5,39,22.5,80,5.4,1005.0,1023.9,2.7,3.4,14,6903.0,0
2017-02-18 09:11:00,5,39,22.5,80,5.4,1005.0,1023.9,2.7,3.7,14,6903.0,0
2017-02-18 09:16:00,5,39,22.5,79,5.6,1005.1,1024.0,2.4,3.7,10,6903.0,0
2017-02-18 09:21:00,5,39,22.6,78,5.6,1004.9,1023.8,1.4,2.7,0,6903.0,0
2017-02-18 09:26:00,5,39,22.6,78,5.7,1004.9,1023.8,2.0,3.7,14,6903.0,0
2017-02-18 09:31:00,5,39,22.6,78,5.7,1004.9,1023.8,2.0,3.7,12,6903.0,0
2017-02-18 09:36:00,5,39,22.6,77,5.8,1004.8,1023.7,1.7,2.7,14,6903.0,0
2017-02-18 09:41:00,5,39,22.6,77,5.8,1004.9,1023.8,4.1,6.1,12,6903.0,0
2017-02-18 09:46:00,5,39,22.6,76,5.9,1005.0,1023.9,3.4,4.8,12,6903.0,0
2017-02-18 09:51:00,5,39,22.7,75,6.0,1004.9,1023.8,3.7,5.1,14,6903.0,0
2017-02-18 09:56:00,5,39,22.7,75,6.2,1004.9,1023.8,4.1,5.4,13,6903.0,0
2017-02-18 10:01:00,5,39,22.8,74,6.6,1005.0,1023.9,3.7,5.8,12,6903.0,0
2017-02-18 10:06:00,5,39,22.8,72,6.6,1005.1,1024.0,2.7,4.8,12,6903.0,0
2017-02-18 10:11:00,5,39,22.9,72,6.6,1005.2,1024.1,4.4,6.1,10,6903.0,0
2017-02-18 10:16:00,5,39,22.9,72,6.6,1004.9,1023.8,3.4,4.4,12,6903.0,0
2017-02-18 10:21:00,5,39,22.9,72,6.6,1005.2,1024.1,2.4,4.8,10,6903.0,0
2017-02-18 10:26:00,5,39,23.0,72,6.6,1005.1,1024.0,4.8,7.8,12,6903.0,0
2017-02-18 10:31:00,5,40,22.9,72,6.6,1004.9,1023.8,3.1,5.4,11,6903.0,0
2017-02-18 10:36:00,5,41,23.0,72,6.5,1005.1,1024.0,4.4,7.5,12,6903.0,0
2017-02-18 10:41:00,5,41,23.0,72,6.4,1005.0,1023.9,3.7,5.8,14,6903.0,0
2017-02-18 10:46:00,5,41,23.0,72,6.6,1005.1,1024.0,4.4,5.1,14,6903.0,0
2017-02-18 10:51:00,5,41,23.0,72,6.6,1005.3,1024.2,4.8,6.1,14,6903.0,0
2017-02-18 10:56:00,5,41,23.0,72,6.6,1005.2,1024.1,4.4,5.8,12,6903.0,0
2017-02-18 11:01:00,5,41,23.0,72,6.6,1005.1,1024.0,2.7,4.4,14,6903.0,0
2017-02-18 11:06:00,5,41,23.0,72,6.6,1004.9,1023.8,2.7,4.4,14,6903.0,0
2017-02-18 11:11:00,5,41,23.0,72,6.6,1005.2,1024.1,4.1,7.8,13,6903.0,0
2017-02-18 11:16:00,5,41,23.0,72,6.6,1004.9,1023.8,4.8,6.5,13,6903.0,0
2017-02-18 11:21:00,5,41,23.0,72,6.4,1005.1,1024.0,4.4,6.1,14,6903.0,0
2017-02-18 11:26:00,5,41,23.0,73,6.3,1005.1,1024.0,2.7,4.4,14,6903.0,0
2017-02-18 11:31:00,5,41,23.0,73,6.3,1005.1,1024.0,3.7,5.4,10,6903.0,0
2017-02-18 11:36:00,5,41,23.0,73,6.3,1005.1,1024.0,3.1,5.1,0,6903.0,0
2017-02-18 11:41:00,5,41,23.0,74,6.3,1005.1,1024.0,2.4,4.1,12,6903.0,0
2017-02-18 11:46:00,5,41,23.0,75,6.3,1005.0,1023.9,2.7,4.1,14,6903.0,0
2017-02-18 11:51:00,5,41,23.0,75,6.2,1005.1,1024.0,3.7,5.4,13,6903.0,0
2017-02-18 11:56:00,5,41,23.0,75,6.2,1005.0,1023.9,3.1,4.8,13,6903.0,0
2017-02-18 12:01:00,5,41,23.0,75,6.3,1004.9,1023.8,2.7,5.1,14,6903.0,0
2017-02-18 12:06:00,5,41,23.0,75,6.4,1005.1,1024.0,1.7,3.1,12,6903.0,0
2017-02-18 12:11:00,5,40,23.0,75,6.4,1004.9,1023.8,3.4,4.1,14,6903.0,0
2017-02-18 12:16:00,5,41,23.0,75,6.6,1004.9,1023.8,3.1,4.4,14,6903.0,0
2017-02-18 12:21:00,5,41,23.0,74,6.5,1004.9,1023.8,2.0,3.1,14,6903.0,0
2017-02-18 12:26:00,5,40,23.0,74,6.5,1005.0,1023.9,3.7,5.4,12,6903.0,0
2017-02-18 12:31:00,5,40,22.9,73,6.4,1004.9,1023.8,2.0,3.4,12,6903.0,0
2017-02-18 12:36:00,5,40,23.1,74,6.6,1004.8,1023.7,2.0,3.4,0,6903.0,0
2017-02-18 12:41:00,5,40,23.0,74,6.6,1004.9,1023.8,2.4,3.4,14,6903.0,0
2017-02-18 12:46:00,5,40,23.1,74,6.6,1004.8,1023.7,1.7,2.7,10,6903.0,0
2017-02-18 12:51:00,5,40,23.0,74,6.6,1004.7,1023.6,1.7,2.7,12,6903.0,0
2017-02-18 12:56:00,5,40,23.0,73,6.6,1004.8,1023.7,2.0,3.1,13,6903.0,0
2017-02-18 13:01:00,5,40,22.9,73,6.6,1004.9,1023.8,0.7,1.4,12,6903.0,0
2017-02-18 13:06:00,5,40,23.0,73,6.6,1004.9,1023.8,0.7,1.4,12,6903.0,0
2017-02-18 13:11:00,5,40,23.0,73,6.6,1004.8,1023.7,0.7,1.4,14,6903.0,0
2017-02-18 13:16:00,5,40,22.9,73,6.6,1004.8,1023.7,1.7,2.0,12,6903.0,0
2017-02-18 13:21:00,5,40,22.9,73,6.6,1004.8,1023.7,2.4,3.4,14,6903.0,0
2017-02-18 13:26:00,5,40,22.9,71,6.6,1004.7,1023.6,1.4,1.7,0,6903.0,0
2017-02-18 13:31:00,5,40,22.9,71,6.6,1004.8,1023.7,2.4,3.7,13,6903.0,0
2017-02-18 13:36:00,5,40,22.9,69,6.6,1004.7,1023.6,2.7,3.7,0,6903.0,0
2017-02-18 13:41:00,5,40,22.9,69,6.6,1004.9,1023.8,1.7,2.4,15,6903.0,0
2017-02-18 13:46:00,5,40,23.0,69,6.6,1004.9,1023.8,2.0,3.1,0,6903.0,0
2017-02-18 13:51:00,5,40,23.0,69,6.6,1004.8,1023.7,1.0,1.7,0,6903.0,0
2017-02-18 13:56:00,5,40,22.9,69,6.6,1004.8,1023.7,2.4,3.1,14,6903.0,0
2017-02-18 14:01:00,5,40,23.0,68,6.5,1005.0,1023.9,1.4,2.4,14,6903.0,0
2017-02-18 14:06:00,5,40,22.9,68,6.5,1004.9,1023.8,2.0,2.7,0,6903.0,0
2017-02-18 14:11:00,5,40,22.9,68,6.5,1005.1,1024.0,2.0,2.7,0,6903.0,0
2017-02-18 14:16:00,5,39,22.9,67,6.5,1005.0,1023.9,2.0,2.4,14,6903.0,0
2017-02-18 14:21:00,5,39,22.9,67,6.4,1005.1,1024.0,1.0,1.4,14,6903.0,0
2017-02-18 14:26:00,5,40,23.0,68,6.4,1005.2,1024.1,1.0,2.4,14,6903.0,0
2017-02-18 14:31:00,5,39,22.9,67,6.3,1005.2,1024.1,1.4,1.7,0,6903.0,0
2017-02-18 14:36:00,5,39,23.0,67,6.2,1005.2,1024.1,1.7,2.4,0,6903.0,0
2017-02-18 14:41:00,5,39,22.8,67,6.2,1005.1,1024.0,2.0,3.1,14,6903.0,0
2017-02-18 14:46:00,5,39,22.8,67,6.2,1005.1,1024.0,1.4,2.7,14,6903.0,0
2017-02-18 14:51:00,5,39,22.8,67,6.1,1005.1,1024.0,1.7,2.7,14,6903.0,0
2017-02-18 14:56:00,5,39,22.9,67,6.1,1005.1,1024.0,1.4,2.4,0,6903.0,0
2017-02-18 15:01:00,5,39,22.8,67,6.1,1005.1,1024.0,1.4,2.0,13,6903.0,0
2017-02-18 15:06:00,5,39,22.9,67,6.1,1005.1,1024.0,1.4,2.0,13,6903.0,0
2017-02-18 15:11:00,5,39,22.9,68,6.0,1005.3,1024.2,1.0,2.0,0,6903.0,0
2017-02-18 15:16:00,5,38,23.0,68,6.0,1005.1,1024.0,1.0,2.0,13,6903.0,0
2017-02-18 15:21:00,5,38,23.0,69,5.9,1005.0,1023.9,1.4,1.7,12,6903.0,0
2017-02-18 15:26:00,5,39,22.9,70,5.8,1005.1,1024.0,1.0,1.7,14,6903.0,0
2017-02-18 15:31:00,5,39,22.9,70,5.8,1005.2,1024.1,1.0,1.7,10,6903.0,0
2017-02-18 15:36:00,5,38,23.0,70,5.8,1005.1,1024.0,1.7,2.7,0,6903.0,0
2017-02-18 15:41:00,5,39,22.9,70,5.8,1005.3,1024.2,1.7,3.1,14,6903.0,0
2017-02-18 15:46:00,5,39,22.9,70,5.7,1005.3,1024.2,1.7,2.4,14,6903.0,0
2017-02-18 15:51:00,5,39,22.8,70,5.7,1005.2,1024.1,1.4,1.7,14,6903.0,0
2017-02-18 15:56:00,5,39,22.9,70,5.5,1005.3,1024.2,0.7,1.0,12,6903.0,0
2017-02-18 16:01:00,5,39,22.9,71,5.4,1005.4,1024.3,1.4,1.7,12,6903.0,0
2017-02-18 16:06:00,5,39,22.9,71,5.3,1005.5,1024.4,1.7,2.0,12,6903.0,0
2017-02-18 16:11:00,5,39,22.9,72,5.3,1005.4,1024.3,1.7,2.4,12,6903.0,0
2017-02-18 16:16:00,5,39,22.9,73,5.3,1005.4,1024.3,1.0,1.7,12,6903.0,0
2017-02-18 16:21:00,5,39,23.0,73,5.2,1005.6,1024.5,1.4,2.0,12,6903.0,0
2017-02-18 16:26:00,5,39,22.9,73,5.2,1005.7,1024.6,1.4,2.0,12,6903.0,0
2017-02-18 16:31:00,5,39,22.9,74,5.1,1005.9,1024.8,1.4,2.0,12,6903.0,0
2017-02-18 16:36:00,5,39,22.9,74,5.0,1005.7,1024.6,0.7,1.4,14,6903.0,0
2017-02-18 16:41:00,5,39,22.9,74,5.0,1006.0,1024.9,1.0,1.4,14,6903.0,0
2017-02-18 16:46:00,5,39,23.0,74,5.0,1005.9,1024.8,1.4,2.0,12,6903.0,0
2017-02-18 16:51:00,5,39,23.0,74,5.0,1006.1,1025.0,1.4,1.7,12,6903.0,0
2017-02-18 16:56:00,5,39,23.0,74,5.0,1006.1,1025.0,0.7,1.0,14,6903.0,0
2017-02-18 17:01:00,5,39,23.0,74,5.0,1006.1,1025.0,1.0,1.7,14,6903.0,0
2017-02-18 17:06:00,5,39,23.0,74,5.0,1006.1,1025.0,1.0,1.7,14,6903.0,0
2017-02-18 17:11:00,5,39,23.0,75,4.8,1006.2,1025.1,0.3,0.7,0,6903.0,0
2017-02-18 17:16:00,5,39,23.0,75,4.7,1006.2,1025.1,0.3,1.0,0,6903.0,0
2017-02-18 17:21:00,5,39,23.0,75,4.5,1006.2,1025.1,0.3,1.0,14,6903.0,0
2017-02-18 17:26:00,5,39,23.0,75,4.4,1006.3,1025.2,1.0,1.7,0,6903.0,0
2017-02-18 17:31:00,5,39,23.0,76,4.4,1006.3,1025.2,1.0,1.7,0,6903.0,0
2017-02-18 17:36:00,5,39,23.0,76,4.4,1006.3,1025.2,1.4,2.0,0,6903.0,0
2017-02-18 17:41:00,5,39,22.9,76,4.4,1006.2,1025.1,1.0,2.0,0,6903.0,0
2017-02-18 17:46:00,5,39,23.0,76,4.3,1006.4,1025.3,1.0,1.7,14,6903.0,0
2017-02-18 17:51:00,5,39,23.0,76,4.2,1006.4,1025.3,1.4,2.4,14,6903.0,0
2017-02-18 17:56:00,5,40,23.1,76,4.1,1006.2,1025.1,1.4,2.4,14,6903.0,0
2017-02-18 18:01:00,5,40,23.1,76,4.0,1006.4,1025.3,0.7,1.4,14,6903.0,0
2017-02-18 18:06:00,5,39,23.0,78,3.9,1006.4,1025.3,0.7,1.4,0,6903.0,0
2017-02-18 18:11:00,5,39,23.0,78,3.8,1006.4,1025.3,0.7,1.0,4,6903.0,0
2017-02-18 18:16:00,5,40,23.1,78,3.7,1006.5,1025.4,0.3,0.7,0,6903.0,0
2017-02-18 18:21:00,5,40,23.1,78,3.6,1006.6,1025.5,0.7,1.4,14,6903.0,0
2017-02-18 18:26:00,5,40,23.1,78,3.6,1006.6,1025.5,0.7,1.0,12,6903.0,0
2017-02-18 18:31:00,5,40,23.1,78,3.6,1006.6,1025.5,0.7,1.4,14,6903.0,0
2017-02-18 18:36:00,5,40,23.1,78,3.7,1006.4,1025.3,0.3,0.7,0,6903.0,0
2017-02-18 18:41:00,5,40,23.1,78,3.8,1006.7,1025.6,0.3,0.7,14,6903.0,0
2017-02-18 18:46:00,5,40,23.1,77,3.9,1006.7,1025.6,0.7,1.0,12,6903.0,0
2017-02-18 18:51:00,5,40,23.1,77,3.9,1006.6,1025.5,1.0,1.4,14,6903.0,0
2017-02-18 18:56:00,5,40,23.1,76,3.9,1006.5,1025.4,0.7,1.0,12,6903.0,0
2017-02-18 19:01:00,5,40,23.1,76,3.9,1006.7,1025.6,0.3,1.0,14,6903.0,0
2017-02-18 19:06:00,5,41,23.1,76,3.9,1006.7,1025.6,0.3,1.0,14,6903.0,0
2017-02-18 19:11:00,5,41,23.0,75,4.0,1006.5,1025.4,1.0,2.0,14,6903.0,0
2017-02-18 19:16:00,5,42,23.1,74,4.0,1006.7,1025.6,0.3,0.7,0,6903.0,0
2017-02-18 19:21:00,5,42,23.1,75,3.9,1006.6,1025.5,0.7,1.4,0,6903.0,0
2017-02-18 19:26:00,5,42,23.1,75,3.9,1006.7,1025.6,1.0,1.7,0,6903.0,0
2017-02-18 19:31:00,5,42,23.1,75,3.9,1006.7,1025.6,0.3,0.7,15,6903.0,0
2017-02-18 19:36:00,5,42,23.1,75,3.7,1006.7,1025.6,0.7,1.0,14,6903.0,0
2017-02-18 19:41:00,5,42,23.1,75,3.4,1006.7,1025.6,0.7,1.0,14,6903.0,0
2017-02-18 19:46:00,5,42,23.1,75,3.3,1006.8,1025.7,1.0,1.7,13,6903.0,0
2017-02-18 19:51:00,5,42,23.1,76,3.3,1006.6,1025.5,0.7,1.4,14,6903.0,0
2017-02-18 19:56:00,5,42,23.1,76,3.3,1006.6,1025.5,0.7,1.4,12,6903.0,0
2017-02-18 20:01:00,5,42,23.1,76,3.2,1006.7,1025.6,1.4,1.7,14,6903.0,0
2017-02-18 20:06:00,5,42,23.1,76,3.1,1006.8,1025.7,1.0,1.4,12,6903.0,0
2017-02-18 20:11:00,5,42,23.1,76,3.1,1006.6,1025.5,1.4,2.0,12,6903.0,0
2017-02-18 20:16:00,5,42,23.1,77,3.1,1006.5,1025.4,1.7,2.4,12,6903.0,0
2017-02-18 20:21:00,5,42,23.1,77,3.1,1006.8,1025.7,1.4,2.0,14,6903.0,0
2017-02-18 20:26:00,5,42,23.1,77,3.0,1006.6,1025.5,1.4,2.0,12,6903.0,0
2017-02-18 20:31:00,5,42,23.1,78,3.0,1006.5,1025.4,1.4,2.0,12,6903.0,0
2017-02-18 20:36:00,5,42,23.1,74,2.9,1006.9,1025.8,1.0,1.4,14,6903.0,0
2017-02-18 20:41:00,5,42,23.1,74,2.9,1006.8,1025.7,1.0,1.4,12,6903.0,0
2017-02-18 20:46:00,5,42,23.1,74,2.9,1006.7,1025.6,1.4,2.0,12,6903.0,0
2017-02-18 20:51:00,5,42,23.1,75,2.9,1006.8,1025.7,1.4,1.7,14,6903.0,0
2017-02-18 20:56:00,5,42,23.1,79,3.0,1006.8,1025.7,1.7,2.7,14,6903.0,0
2017-02-18 21:01:00,5,42,23.1,74,2.9,1006.8,1025.7,1.7,2.7,13,6903.0,0
2017-02-18 21:06:00,5,42,23.1,74,2.9,1006.6,1025.5,1.7,2.7,13,6903.0,0
2017-02-18 21:11:00,5,42,23.1,78,3.0,1006.8,1025.7,1.4,2.4,14,6903.0,0
2017-02-18 21:16:00,5,42,23.1,74,2.8,1006.7,1025.6,1.4,2.4,0,6903.0,0
2017-02-18 21:21:00,5,41,23.1,74,2.5,1006.8,1025.7,1.7,2.0,14,6903.0,0
2017-02-18 21:26:00,5,41,23.1,74,2.4,1006.8,1025.7,2.0,2.7,14,6903.0,0
2017-02-18 21:31:00,5,41,23.1,75,2.3,1006.6,1025.5,1.4,2.0,14,6903.0,0
2017-02-18 21:36:00,5,41,23.1,75,2.2,1006.7,1025.6,1.7,2.0,14,6903.0,0
2017-02-18 21:41:00,5,41,23.1,76,2.2,1006.6,1025.5,1.4,2.0,13,6903.0,0
2017-02-18 21:46:00,5,41,23.1,77,2.2,1006.5,1025.4,1.7,2.4,0,6903.0,0
2017-02-18 21:51:00,5,41,23.1,78,2.2,1006.6,1025.5,1.4,2.0,14,6903.0,0
2017-02-18 21:56:00,5,41,23.1,78,2.3,1006.7,1025.6,0.7,1.4,14,6903.0,0
2017-02-18 22:01:00,5,41,23.1,78,2.2,1006.7,1025.6,1.4,2.0,14,6903.0,0
2017-02-18 22:06:00,5,41,23.1,78,2.1,1006.7,1025.6,1.4,2.4,14,6903.0,0
2017-02-18 22:11:00,5,41,23.1,78,2.0,1006.8,1025.7,1.7,2.4,14,6903.0,0
2017-02-18 22:16:00,5,41,23.1,79,1.9,1006.9,1025.8,1.7,2.4,14,6903.0,0
2017-02-18 22:21:00,5,41,23.1,79,1.9,1006.8,1025.7,1.4,1.7,13,6903.0,0
2017-02-18 22:26:00,5,41,23.1,80,1.9,1006.8,1025.7,1.0,1.7,0,6903.0,0
2017-02-18 22:31:00,5,41,23.1,80,1.8,1006.7,1025.6,1.0,1.7,12,6903.0,0
2017-02-18 22:36:00,5,41,23.1,80,1.8,1006.9,1025.8,1.0,1.7,14,6903.0,0
2017-02-18 22:41:00,5,41,23.1,80,1.8,1006.8,1025.7,1.0,1.4,14,6903.0,0
2017-02-18 22:46:00,5,41,23.1,80,1.8,1006.8,1025.7,1.7,2.4,14,6903.0,0
2017-02-18 22:51:00,5,41,23.1,80,1.9,1006.8,1025.7,1.7,2.4,14,6903.0,0
2017-02-18 22:56:00,5,41,23.1,80,1.9,1006.8,1025.7,1.4,2.0,14,6903.0,0
2017-02-18 23:01:00,5,41,23.1,81,1.9,1006.9,1025.8,1.7,2.4,14,6903.0,0
2017-02-18 23:06:00,5,41,23.1,81,1.9,1006.8,1025.7,1.7,2.4,14,6903.0,0
2017-02-18 23:11:00,5,41,23.1,79,2.0,1006.8,1025.7,1.4,2.4,0,6903.0,0
2017-02-18 23:16:00,5,41,23.0,80,1.9,1006.7,1025.6,1.0,2.0,13,6903.0,0
2017-02-18 23:21:00,5,41,23.1,80,1.9,1006.8,1025.7,1.4,1.7,14,6903.0,0
2017-02-18 23:26:00,5,41,23.0,79,2.0,1006.7,1025.6,1.4,2.0,14,6903.0,0
2017-02-18 23:31:00,5,41,23.1,79,2.1,1006.9,1025.8,1.4,2.0,14,6903.0,0
2017-02-18 23:36:00,5,41,23.1,79,2.1,1006.7,1025.6,1.4,2.0,14,6903.0,0
2017-02-18 23:41:00,5,41,23.1,79,2.2,1006.7,1025.6,1.0,1.7,14,6903.0,0
2017-02-18 23:46:00,5,41,23.1,79,2.2,1006.8,1025.7,0.7,1.0,0,6903.0,0
2017-02-18 23:51:00,5,40,23.1,79,2.1,1006.6,1025.5,0.7,1.0,0,6903.0,0
2017-02-18 23:56:00,5,40,23.1,79,2.2,1006.7,1025.6,1.4,1.7,14,6903.0,0
