2017-02-26 00:02:01,5,42,23.7,63,1.4,1001.5,1.4,2.0,6,6970.8,0
2017-02-26 00:07:01,5,42,23.7,64,1.4,1001.3,2.0,2.4,4,6970.8,0
2017-02-26 00:12:01,5,41,23.7,64,1.4,1001.3,1.7,2.7,6,6970.8,0
2017-02-26 00:17:01,5,41,23.7,64,1.4,1001.3,1.7,2.7,4,6970.8,0
2017-02-26 00:22:01,5,41,23.7,64,1.4,1001.1,2.0,2.7,6,6970.8,0
2017-02-26 00:27:01,5,41,23.7,64,1.4,1001.1,2.0,3.1,6,6970.8,0
2017-02-26 00:32:01,5,41,23.7,64,1.1,1001.2,1.7,2.4,6,6970.8,0
2017-02-26 00:37:01,5,41,23.7,65,1.0,1001.0,1.4,2.0,6,6970.8,0
2017-02-26 00:42:01,5,41,23.7,65,1.0,1001.1,1.0,1.4,6,6970.8,0
2017-02-26 00:47:01,5,41,23.7,65,1.0,1001.1,0.3,1.0,4,6970.8,0
2017-02-26 00:52:01,5,41,23.7,65,1.0,1001.2,0.7,1.4,2,6970.8,0
2017-02-26 00:57:01,5,41,23.7,65,1.0,1001.3,0.7,1.0,2,6970.8,0
2017-02-26 01:02:01,5,41,23.7,66,0.9,1001.1,1.0,1.4,4,6970.8,0
2017-02-26 01:07:01,5,41,23.7,66,0.9,1001.1,1.0,1.4,4,6970.8,0
2017-02-26 01:12:01,5,41,23.6,66,0.9,1000.8,0.7,1.4,4,6970.8,0
2017-02-26 01:17:01,5,41,23.6,66,0.9,1000.8,1.0,1.7,4,6970.8,0
2017-02-26 01:22:01,5,41,23.6,65,1.0,1000.4,1.0,1.4,6,6970.8,0
2017-02-26 01:27:01,5,40,23.7,66,1.0,1000.5,1.4,2.0,6,6970.8,0
2017-02-26 01:32:01,5,40,23.7,66,1.0,1000.2,1.4,2.0,6,6970.8,0
2017-02-26 01:37:01,5,40,23.7,66,1.0,1000.4,1.7,2.4,6,6970.8,0
2017-02-26 01:42:01,5,40,23.7,65,1.0,1000.3,1.0,1.4,4,6970.8,0
2017-02-26 01:47:01,5,40,23.7,65,1.0,1000.2,1.0,2.0,4,6970.8,0
2017-02-26 01:52:01,5,40,23.7,65,1.0,1000.2,0.7,1.0,6,6970.8,0
2017-02-26 01:57:01,5,40,23.7,65,1.0,1000.4,0.7,1.4,6,6970.8,0
2017-02-26 02:02:01,5,40,23.7,65,1.0,999.8,1.7,2.0,6,6970.8,0
2017-02-26 02:07:01,5,40,23.7,66,1.0,999.8,2.4,3.1,6,6970.8,0
2017-02-26 02:12:01,5,40,23.7,66,1.0,999.8,2.4,2.7,6,6970.8,0
2017-02-26 02:17:01,5,39,23.7,65,1.0,999.6,2.0,2.7,2,6970.8,0
2017-02-26 02:22:01,5,39,23.7,65,1.0,999.6,1.4,2.4,4,6970.8,0
2017-02-26 02:27:01,5,39,23.8,65,1.0,999.8,1.4,2.0,6,6970.8,0
2017-02-26 02:32:01,5,39,23.8,66,1.0,999.5,1.7,2.4,4,6970.8,0
2017-02-26 02:37:01,5,39,23.7,66,1.0,999.5,2.0,2.7,6,6970.8,0
2017-02-26 02:42:01,5,39,23.8,66,1.0,999.6,2.0,3.1,6,6970.8,0
2017-02-26 02:47:01,5,39,23.8,66,1.3,999.4,1.7,2.0,6,6970.8,0
2017-02-26 02:52:01,5,39,23.8,65,1.0,999.4,2.0,2.7,6,6970.8,0
2017-02-26 02:57:01,5,39,23.8,65,1.0,999.5,1.4,2.0,5,6970.8,0
2017-02-26 03:02:01,5,39,23.7,66,1.0,999.3,1.7,2.0,6,6970.8,0
2017-02-26 03:07:01,5,39,23.8,66,1.0,999.2,1.7,2.0,6,6970.8,0
2017-02-26 03:12:01,5,39,23.7,66,1.0,999.3,2.4,2.7,4,6970.8,0
2017-02-26 03:17:01,5,39,23.7,66,1.0,999.2,2.7,3.4,6,6970.8,0
2017-02-26 03:22:01,5,39,23.7,66,1.0,999.0,2.7,3.7,6,6970.8,0
2017-02-26 03:27:01,5,39,23.7,66,1.0,998.9,2.0,2.7,6,6970.8,0
2017-02-26 03:32:01,5,39,23.7,67,1.0,999.1,1.4,2.0,7,6970.8,0
2017-02-26 03:37:01,5,39,23.7,67,1.0,999.0,1.7,2.0,6,6970.8,0
2017-02-26 03:42:01,5,39,23.7,68,1.0,998.9,2.0,2.7,6,6970.8,0
2017-02-26 03:47:01,5,39,23.7,68,1.0,998.7,2.4,3.1,6,6970.8,0
2017-02-26 03:52:01,5,39,23.7,68,1.0,998.6,2.7,3.1,6,6970.8,0
2017-02-26 03:57:01,5,39,23.7,68,1.3,998.4,1.7,2.4,6,6970.8,0
2017-02-26 04:02:01,5,39,23.7,67,1.3,998.6,1.7,2.0,5,6970.8,0
2017-02-26 04:07:01,5,39,23.7,67,1.3,998.4,1.4,1.7,6,6970.8,0
2017-02-26 04:12:01,5,39,23.6,66,1.3,998.7,1.7,2.0,6,6970.8,0
2017-02-26 04:17:01,5,39,23.6,66,1.4,998.6,1.7,2.0,6,6970.8,0
2017-02-26 04:22:01,5,39,23.6,65,1.5,998.5,1.4,2.0,6,6970.8,0
2017-02-26 04:27:01,5,39,23.6,64,1.4,998.4,1.4,2.0,6,6970.8,0
2017-02-26 04:32:01,5,39,23.6,64,1.5,998.2,1.4,2.0,5,6970.8,0
2017-02-26 04:37:01,5,39,23.6,64,1.4,998.3,1.7,2.4,6,6970.8,0
2017-02-26 04:42:01,5,38,23.6,64,1.4,998.1,1.7,2.0,6,6970.8,0
2017-02-26 04:47:01,5,38,23.5,64,1.4,998.1,1.7,2.0,6,6970.8,0
2017-02-26 04:52:01,5,38,23.5,65,1.3,998.2,1.0,1.4,6,6970.8,0
2017-02-26 04:57:01,5,38,23.5,65,1.3,998.1,0.3,0.7,4,6970.8,0
2017-02-26 05:02:01,5,38,23.5,65,1.0,998.3,0.7,1.0,4,6970.8,0
2017-02-26 05:07:01,5,38,23.5,65,1.0,998.3,0.7,1.0,4,6970.8,0
2017-02-26 05:12:01,5,38,23.5,66,1.0,998.1,0.3,1.0,6,6970.8,0
2017-02-26 05:17:01,5,38,23.5,65,1.3,998.4,0.3,0.7,4,6970.8,0
2017-02-26 05:22:01,5,38,23.5,65,1.3,998.4,0.7,1.4,4,6970.8,0
2017-02-26 05:27:01,5,38,23.5,65,1.3,998.3,0.7,1.0,4,6970.8,0
2017-02-26 05:32:01,5,38,23.5,64,1.3,998.2,0.7,1.0,4,6970.8,0
2017-02-26 05:37:01,5,38,23.5,64,1.3,998.3,1.0,1.4,2,6970.8,0
2017-02-26 05:42:01,5,38,23.5,64,1.3,998.3,1.0,1.4,2,6970.8,0
2017-02-26 05:47:01,5,38,23.5,64,1.4,998.2,1.0,1.4,4,6970.8,0
2017-02-26 05:52:01,5,38,23.4,64,1.4,998.4,0.7,1.0,4,6970.8,0
2017-02-26 05:57:01,5,38,23.4,64,1.4,998.3,0.7,1.0,6,6970.8,0
2017-02-26 06:02:01,5,38,23.4,64,1.5,998.3,1.0,1.4,4,6970.8,0
2017-02-26 06:07:01,5,38,23.4,64,1.7,998.6,0.7,1.0,6,6970.8,0
2017-02-26 06:12:01,5,38,23.4,64,1.8,998.7,0.3,1.0,4,6970.8,0
2017-02-26 06:17:01,5,38,23.4,64,1.8,998.6,0.7,1.4,6,6970.8,0
2017-02-26 06:22:01,5,38,23.4,64,1.9,998.9,0.7,1.4,4,6970.8,0
2017-02-26 06:27:01,5,38,23.4,64,1.9,998.9,0.3,1.0,6,6970.8,0
2017-02-26 06:32:01,5,38,23.4,63,2.0,998.7,0.7,1.4,4,6970.8,0
2017-02-26 06:37:01,5,38,23.4,63,2.1,998.8,0.7,1.0,5,6970.8,0
2017-02-26 06:42:01,5,38,23.4,63,2.1,998.7,0.7,1.4,4,6970.8,0
2017-02-26 06:47:01,5,38,23.4,63,2.2,998.7,0.7,1.0,6,6970.8,0
2017-02-26 06:52:01,5,38,23.4,63,2.3,998.8,1.0,2.0,5,6970.8,0
2017-02-26 06:57:01,5,38,23.4,63,2.4,998.8,0.7,1.7,2,6970.8,0
2017-02-26 07:02:01,5,38,23.4,62,2.4,998.7,1.4,2.4,6,6970.8,0
2017-02-26 07:07:01,5,38,23.4,62,2.4,998.7,1.4,2.4,6,6970.8,0
2017-02-26 07:12:01,5,38,23.3,61,2.9,998.6,1.4,2.0,6,6970.8,0
2017-02-26 07:17:01,5,38,23.3,65,3.0,998.6,1.0,2.0,6,6970.8,0
2017-02-26 07:22:01,5,38,23.3,64,3.0,998.4,1.0,1.7,6,6970.8,0
2017-02-26 07:27:01,5,38,23.3,64,3.1,998.4,0.7,1.7,6,6970.8,0
2017-02-26 07:32:01,5,38,23.2,64,3.1,998.6,1.4,2.0,5,6970.8,0
2017-02-26 07:37:01,5,38,23.1,64,3.1,998.5,1.4,2.7,6,6970.8,0
2017-02-26 07:42:01,5,38,23.1,64,3.2,998.7,1.4,2.4,6,6970.8,0
2017-02-26 07:47:01,5,38,23.1,63,3.2,998.8,0.3,1.0,7,6970.8,0
2017-02-26 07:52:01,5,38,23.1,63,3.3,998.9,0.3,0.7,6,6970.8,0
2017-02-26 07:57:01,5,39,23.1,63,3.4,998.9,1.4,1.7,6,6970.8,0
2017-02-26 08:02:01,5,39,23.1,62,3.5,999.1,0.7,1.0,6,6970.8,0
2017-02-26 08:07:01,5,39,23.1,62,3.7,999.3,0,0.3,6,6970.8,0
2017-02-26 08:12:01,5,39,23.0,61,4.0,999.3,0,0,8,6970.8,0
2017-02-26 08:17:01,5,39,23.0,61,4.2,999.0,0.3,1.0,8,6970.8,0
2017-02-26 08:22:01,5,38,23.0,61,4.3,998.9,1.4,1.7,6,6970.8,0
2017-02-26 08:27:01,5,38,23.0,59,4.5,998.8,1.4,2.0,6,6970.8,0
2017-02-26 08:32:01,5,38,23.0,58,4.7,998.7,0.7,1.4,6,6970.8,0
2017-02-26 08:37:01,5,38,23.0,57,5.0,998.9,2.7,3.1,6,6970.8,0
2017-02-26 08:42:01,5,38,23.0,56,4.9,998.8,2.0,2.7,8,6970.8,0
2017-02-26 08:47:01,5,38,23.0,56,4.9,999.0,2.4,3.1,8,6970.8,0
2017-02-26 08:52:01,5,38,23.0,56,4.9,999.1,1.7,2.4,8,6970.8,0
2017-02-26 08:57:01,5,38,23.0,54,5.2,999.2,2.4,3.1,8,6970.8,0
2017-02-26 09:02:01,5,38,23.0,55,5.3,999.1,2.4,3.7,8,6970.8,0
2017-02-26 09:07:01,5,38,23.0,55,5.3,998.9,2.4,3.7,8,6970.8,0
2017-02-26 09:12:01,5,38,23.0,53,6.0,998.8,1.7,2.4,8,6970.8,0
2017-02-26 09:17:01,5,38,23.0,52,6.1,999.0,2.0,2.7,8,6970.8,0
2017-02-26 09:22:01,5,38,23.0,51,6.1,998.9,0.3,1.0,10,6970.8,0
2017-02-26 09:27:01,5,38,23.0,51,6.1,999.0,1.4,2.0,10,6970.8,0
2017-02-26 09:32:01,5,39,23.0,51,6.3,999.2,1.4,1.7,8,6970.8,0
2017-02-26 09:37:01,5,39,23.0,51,6.6,999.2,1.7,2.4,8,6970.8,0
2017-02-26 09:42:01,5,39,23.0,50,6.9,999.0,1.0,1.7,6,6970.8,0
2017-02-26 09:47:01,5,39,23.0,48,7.5,999.0,1.7,2.4,8,6970.8,0
2017-02-26 09:52:01,5,39,23.1,47,8.0,999.0,0,0.7,9,6970.8,0
2017-02-26 09:57:01,5,39,23.1,44,8.4,999.1,1.0,1.4,6,6970.8,0
2017-02-26 10:02:01,5,40,23.1,43,8.6,998.9,0.3,1.0,8,6970.8,0
2017-02-26 10:07:01,5,40,23.1,42,9.1,999.1,0.7,1.4,6,6970.8,0
2017-02-26 10:12:01,5,40,23.3,42,9.4,999.0,0.7,1.7,2,6970.8,0
2017-02-26 10:17:01,5,40,23.3,41,9.5,998.9,0.3,0.7,10,6970.8,0
2017-02-26 10:22:01,5,40,23.4,41,10.1,998.9,0.7,1.0,4,6970.8,0
2017-02-26 10:27:01,5,40,23.4,41,9.6,998.9,1.4,1.7,4,6970.8,0
2017-02-26 10:32:01,5,40,23.4,40,8.6,998.7,2.0,2.4,6,6970.8,0
2017-02-26 10:37:01,5,40,23.4,43,8.7,998.6,1.7,2.4,4,6970.8,0
2017-02-26 10:42:01,5,40,23.4,42,8.9,998.7,1.0,1.7,6,6970.8,0
2017-02-26 10:47:01,5,40,23.4,42,8.8,998.8,0.3,1.0,6,6970.8,0
2017-02-26 10:52:01,5,40,23.4,44,8.7,998.6,1.7,3.1,6,6970.8,0
2017-02-26 10:57:01,5,39,23.4,44,8.4,998.7,1.0,1.7,8,6970.8,0
2017-02-26 11:02:01,5,39,23.4,45,8.5,998.5,0.3,1.4,7,6970.8,0
2017-02-26 11:07:01,5,39,23.4,45,8.5,998.6,0.3,1.4,7,6970.8,0
2017-02-26 11:12:01,5,39,23.4,44,9.3,998.6,1.0,1.7,6,6970.8,0
2017-02-26 11:17:01,5,39,23.4,43,9.5,998.5,0.7,2.0,3,6970.8,0
2017-02-26 11:22:01,5,39,23.4,42,9.7,998.5,1.4,2.0,10,6970.8,0
2017-02-26 11:27:01,5,39,23.4,42,9.2,998.5,2.4,2.7,8,6970.8,0
2017-02-26 11:32:01,5,39,23.4,42,9.0,998.3,0.7,1.7,8,6970.8,0
2017-02-26 11:37:01,5,39,23.4,43,9.3,998.5,1.7,3.1,6,6970.8,0
2017-02-26 11:42:01,5,38,23.4,42,9.1,998.3,1.0,1.7,8,6970.8,0
2017-02-26 11:47:01,5,39,23.3,42,9.2,998.4,1.4,2.0,7,6970.8,0
2017-02-26 11:52:01,5,39,23.3,42,9.3,998.4,1.0,1.4,8,6970.8,0
2017-02-26 11:57:01,5,39,23.3,42,9.2,998.1,1.0,1.7,6,6970.8,0
2017-02-26 12:02:01,5,39,23.2,42,9.0,998.1,1.4,2.4,8,6970.8,0
2017-02-26 12:07:01,5,39,23.1,43,9.1,997.9,2.7,3.1,6,6970.8,0
2017-02-26 12:12:01,5,39,23.1,44,9.1,997.8,2.4,3.1,8,6970.8,0
2017-02-26 12:17:01,5,38,23.1,43,9.1,998.0,1.4,2.4,8,6970.8,0
2017-02-26 12:22:01,5,38,23.1,43,9.2,997.8,2.7,3.4,8,6970.8,0
2017-02-26 12:27:01,5,38,23.1,42,9.0,997.9,1.0,1.7,7,6970.8,0
2017-02-26 12:32:01,5,39,23.1,43,9.3,997.8,0.7,1.4,6,6970.8,0
2017-02-26 12:37:01,5,40,23.1,42,9.4,997.9,0.7,1.4,4,6970.8,0
2017-02-26 12:42:01,5,40,23.1,42,9.4,997.8,1.4,2.0,9,6970.8,0
2017-02-26 12:47:01,5,40,23.1,42,9.4,997.7,0.3,1.0,4,6970.8,0
2017-02-26 12:52:01,5,40,23.1,41,9.4,997.7,1.0,1.7,6,6970.8,0
2017-02-26 12:57:01,5,41,23.1,41,9.5,997.6,1.0,1.4,6,6970.8,0
2017-02-26 13:02:01,5,41,23.1,41,9.6,997.5,0.7,1.4,8,6970.8,0
2017-02-26 13:07:01,5,42,23.1,41,9.6,997.4,0.7,1.4,8,6970.8,0
2017-02-26 13:12:01,5,42,23.1,39,10.0,997.3,0,0,9,6970.8,0
2017-02-26 13:17:01,5,42,23.1,39,10.4,997.5,0,0,8,6970.8,0
2017-02-26 13:22:01,5,42,23.1,39,10.7,997.2,0.3,1.0,8,6970.8,0
2017-02-26 13:27:01,5,42,23.1,37,10.6,997.2,0,0.7,8,6970.8,0
2017-02-26 13:32:01,5,42,23.1,39,10.7,997.3,0,0,4,6970.8,0
2017-02-26 13:37:01,5,42,23.1,38,10.8,997.4,1.4,2.0,5,6970.8,0
2017-02-26 13:42:01,5,42,23.2,36,10.5,997.1,0.3,0.7,4,6970.8,0
2017-02-26 13:47:01,5,42,23.2,38,10.4,997.1,0.7,1.4,6,6970.8,0
2017-02-26 13:52:01,5,41,23.3,39,10.4,996.9,1.4,2.0,6,6970.8,0
2017-02-26 13:57:01,5,41,23.3,40,10.3,997.2,1.4,2.0,6,6970.8,0
2017-02-26 14:02:01,5,41,23.3,41,10.3,997.0,0.7,1.4,6,6970.8,0
2017-02-26 14:07:01,5,41,23.3,40,10.2,997.1,1.4,1.7,6,6970.8,0
2017-02-26 14:12:01,5,41,23.3,41,10.3,997.0,1.0,1.7,6,6970.8,0
2017-02-26 14:17:01,5,41,23.3,42,10.3,996.9,1.7,2.7,6,6970.8,0
2017-02-26 14:22:01,5,41,23.3,42,10.1,996.9,2.0,2.7,6,6970.8,0
2017-02-26 14:27:01,5,41,23.4,42,10.1,996.9,1.4,2.0,4,6970.8,0
2017-02-26 14:32:01,5,41,23.4,44,10.1,996.8,1.4,2.4,6,6970.8,0
2017-02-26 14:37:01,5,41,23.4,44,10.1,997.1,1.4,1.7,6,6970.8,0
2017-02-26 14:42:01,5,41,23.4,44,10.1,997.0,0.7,1.7,6,6970.8,0
2017-02-26 14:47:01,5,41,23.4,44,10.2,997.2,0.3,0.7,6,6970.8,0
2017-02-26 14:52:01,5,41,23.4,43,10.2,997.2,0.7,1.4,6,6970.8,0
2017-02-26 14:57:01,5,41,23.4,44,10.2,997.2,0,0,3,6970.8,0
2017-02-26 15:02:01,5,41,23.4,45,10.3,997.3,0.3,1.0,4,6970.8,0
2017-02-26 15:07:01,5,42,23.4,45,10.3,997.1,0.3,1.0,4,6970.8,0
2017-02-26 15:12:01,5,41,23.5,43,10.1,997.0,0,0.3,8,6970.8,0
2017-02-26 15:17:01,5,41,23.5,44,10.1,997.1,0.3,0.7,8,6970.8,0
2017-02-26 15:22:01,5,41,23.5,44,10.1,997.2,0,1.0,4,6970.8,0
2017-02-26 15:27:01,5,41,23.5,45,10.0,997.1,0,0.3,4,6970.8,0
2017-02-26 15:32:01,5,42,23.5,46,9.9,996.9,0,0,4,6970.8,0
2017-02-26 15:37:01,5,42,23.5,46,9.9,997.0,0.7,1.0,6,6970.8,0
2017-02-26 15:42:01,5,42,23.6,47,9.7,997.0,1.4,1.7,6,6970.8,0
2017-02-26 15:47:01,5,42,23.7,49,9.6,996.9,0.7,1.4,8,6970.8,0
2017-02-26 15:52:01,5,42,23.8,51,9.5,996.8,1.7,2.0,8,6970.8,0
2017-02-26 15:57:01,5,41,23.8,50,9.5,996.9,0,0.7,10,6970.8,0
2017-02-26 16:02:01,5,41,23.9,49,9.5,996.9,0,0.3,8,6970.8,0
2017-02-26 16:07:01,5,41,23.9,48,9.5,997.1,0,0,8,6970.8,0
2017-02-26 16:12:01,5,41,23.9,49,9.4,997.1,0.3,1.0,6,6970.8,0
2017-02-26 16:17:01,5,42,23.9,51,9.4,997.0,0.7,1.0,8,6970.8,0
2017-02-26 16:22:01,5,42,23.9,51,9.2,996.8,1.0,1.7,6,6970.8,0
2017-02-26 16:27:01,5,42,23.9,51,9.1,996.7,1.4,2.0,7,6970.8,0
2017-02-26 16:32:01,5,42,23.9,51,9.0,996.8,2.7,3.1,8,6970.8,0
2017-02-26 16:37:01,5,42,23.9,50,9.2,996.9,2.4,2.7,8,6970.8,0
2017-02-26 16:42:01,5,42,23.8,52,8.9,996.6,1.0,1.7,6,6970.8,0
2017-02-26 16:47:01,5,43,23.9,53,8.7,996.7,1.4,2.0,6,6970.8,0
2017-02-26 16:52:01,5,43,23.9,53,8.5,997.0,0,0.7,6,6970.8,0
2017-02-26 16:57:01,5,43,23.9,54,8.5,997.0,0.3,0.7,6,6970.8,0
2017-02-26 17:02:01,5,43,23.9,54,8.4,996.7,1.0,1.4,6,6970.8,0
2017-02-26 17:07:01,5,43,23.9,54,8.4,997.1,1.0,1.4,6,6970.8,0
2017-02-26 17:12:01,5,43,23.9,55,8.3,996.9,1.0,1.4,6,6970.8,0
2017-02-26 17:17:01,5,42,24.0,56,8.2,996.7,1.0,1.4,6,6970.8,0
2017-02-26 17:22:01,5,42,24.0,57,8.1,996.7,1.0,1.4,6,6970.8,0
2017-02-26 17:27:00,5,42,24.0,58,7.9,996.8,1.7,2.4,7,6970.8,0
2017-02-26 17:32:00,5,42,24.0,59,7.8,996.4,3.4,4.1,8,6970.8,0
2017-02-26 17:37:00,5,42,24.2,59,7.8,996.5,4.4,4.8,8,6970.8,0
2017-02-26 17:42:00,5,42,24.1,58,7.9,996.5,4.8,5.4,8,6970.8,0
2017-02-26 17:47:00,5,42,24.2,55,8.1,996.7,3.4,4.1,8,6970.8,0
2017-02-26 17:52:00,5,42,24.2,54,8.1,996.9,1.4,1.7,8,6970.8,0
2017-02-26 17:57:00,5,42,24.2,53,8.1,997.1,2.4,2.7,8,6970.8,0
2017-02-26 18:02:00,5,42,24.3,53,8.1,996.9,2.4,3.1,8,6970.8,0
2017-02-26 18:07:00,5,42,24.3,53,8.1,997.1,2.4,2.7,8,6970.8,0
2017-02-26 18:12:00,5,42,24.3,53,7.8,997.1,1.4,1.7,6,6970.8,0
2017-02-26 18:17:00,5,43,24.3,53,7.6,996.9,0.7,1.0,4,6970.8,0
2017-02-26 18:22:00,5,43,24.4,54,7.4,997.0,1.0,1.4,6,6970.8,0
2017-02-26 18:27:00,5,43,24.4,53,7.0,997.1,0.3,0.7,8,6970.8,0
2017-02-26 18:32:00,5,43,24.4,53,7.0,997.1,0,0,8,6970.8,0
2017-02-26 18:37:00,5,43,24.4,54,6.6,997.3,0.7,1.0,2,6970.8,0
2017-02-26 18:42:00,5,43,24.4,55,6.6,997.2,0.7,1.0,0,6970.8,0
2017-02-26 18:47:00,5,42,24.4,55,6.6,997.2,1.0,1.4,3,6970.8,0
2017-02-26 18:52:00,5,42,24.4,54,6.6,997.0,1.0,1.4,4,6970.8,0
2017-02-26 18:57:00,5,42,24.4,52,7.0,997.2,1.4,1.7,1,6970.8,0
2017-02-26 19:02:00,5,42,24.3,53,6.6,997.1,1.0,1.7,2,6970.8,0
2017-02-26 19:07:00,5,42,24.3,53,6.6,997.1,1.0,1.7,2,6970.8,0
2017-02-26 19:12:00,5,42,24.3,52,6.6,997.2,0.7,1.0,4,6970.8,0
2017-02-26 19:17:00,5,42,24.2,52,6.6,997.2,0.3,1.0,6,6970.8,0
2017-02-26 19:22:00,5,42,24.2,52,6.6,997.1,0.3,0.7,4,6970.8,0
2017-02-26 19:27:00,5,42,24.0,52,6.6,996.9,0.3,0.7,6,6970.8,0
2017-02-26 19:32:00,5,42,24.0,52,6.5,997.0,1.0,1.4,6,6970.8,0
2017-02-26 19:37:00,5,42,24.0,53,6.4,996.9,0.7,1.0,4,6970.8,0
2017-02-26 19:42:00,5,43,24.0,53,6.3,997.1,0.3,0.7,4,6970.8,0
2017-02-26 19:47:00,5,44,23.9,54,6.1,997.0,0.3,0.7,4,6970.8,0
2017-02-26 19:52:00,5,44,23.9,55,6.0,997.2,0.7,1.0,0,6970.8,0
2017-02-26 19:57:00,5,44,23.9,57,5.8,997.1,1.0,1.4,6,6970.8,0
2017-02-26 20:02:00,5,44,23.9,56,6.0,997.1,0,0,6,6970.8,0
2017-02-26 20:07:00,5,44,23.8,56,5.7,997.0,0,0,6,6970.8,0
2017-02-26 20:12:00,5,44,23.8,57,5.6,997.2,0,0.7,10,6970.8,0
2017-02-26 20:17:00,5,44,23.8,59,5.2,996.9,0.3,1.0,10,6970.8,0
2017-02-26 20:22:00,5,45,23.8,60,5.0,997.1,0,0,10,6970.8,0
2017-02-26 20:27:00,5,45,23.8,61,4.9,997.0,0,0,6,6970.8,0
2017-02-26 20:32:00,5,45,23.8,63,4.9,997.2,1.0,1.4,2,6970.8,0
2017-02-26 20:37:00,5,45,23.8,63,4.9,996.9,0.7,1.0,4,6970.8,0
2017-02-26 20:42:00,5,45,23.8,62,5.0,997.2,0.7,1.0,4,6970.8,0
2017-02-26 20:47:00,5,45,23.9,61,5.1,996.9,0.7,1.0,6,6970.8,0
2017-02-26 20:52:00,5,45,23.9,61,5.1,996.8,1.0,1.4,6,6970.8,0
2017-02-26 20:57:00,5,45,23.9,61,5.0,996.9,0.7,1.0,6,6970.8,0
2017-02-26 21:02:00,5,45,23.9,61,5.0,996.8,0.7,1.0,6,6970.8,0
2017-02-26 21:07:00,5,44,24.0,61,5.0,996.9,0.7,1.0,6,6970.8,0
2017-02-26 21:12:00,5,44,24.0,63,4.4,996.8,0.3,0.7,4,6970.8,0
2017-02-26 21:17:00,5,44,24.0,63,4.4,996.6,0.3,0.7,4,6970.8,0
2017-02-26 21:22:00,5,44,24.1,65,4.2,996.7,0,0,8,6970.8,0
2017-02-26 21:27:00,5,44,24.1,65,4.0,996.7,0,0,8,6970.8,0
2017-02-26 21:32:00,5,44,24.1,66,3.8,996.7,0,0,8,6970.8,0
2017-02-26 21:37:00,5,44,24.1,68,3.7,996.9,1.0,1.7,0,6970.8,0
2017-02-26 21:42:00,5,44,24.0,69,3.5,996.7,0.3,0.7,2,6970.8,0
2017-02-26 21:47:00,5,44,24.1,70,3.6,996.6,0.7,1.0,0,6970.8,0
2017-02-26 21:52:00,5,45,24.0,70,3.4,996.7,1.7,2.0,13,6970.8,0
2017-02-26 21:57:00,5,45,24.0,70,3.5,996.6,0.7,1.0,0,6970.8,0
2017-02-26 22:02:00,5,45,24.0,70,3.3,996.6,0.7,1.4,2,6970.8,0
2017-02-26 22:07:00,5,46,24.0,70,3.6,996.6,1.0,1.0,0,6970.8,0
2017-02-26 22:12:00,5,46,24.0,70,3.7,996.4,0.7,1.0,2,6970.8,0
2017-02-26 22:17:00,5,46,24.0,70,3.7,996.5,0.3,1.0,0,6970.8,0
2017-02-26 22:22:00,5,46,24.0,69,3.6,996.6,1.0,1.4,0,6970.8,0
2017-02-26 22:27:00,5,47,24.0,70,3.7,996.6,0.7,1.0,2,6970.8,0
2017-02-26 22:32:00,5,47,24.0,69,3.7,996.5,1.4,2.0,2,6970.8,0
2017-02-26 22:37:00,5,47,24.0,69,3.5,996.5,1.0,1.7,2,6970.8,0
2017-02-26 22:42:00,5,47,24.0,69,3.2,996.5,2.0,2.4,2,6970.8,0
2017-02-26 22:47:00,5,48,24.0,66,2.9,996.6,1.0,1.4,2,6970.8,0
2017-02-26 22:52:00,5,48,24.0,67,2.9,996.4,1.0,1.4,3,6970.8,0
2017-02-26 22:57:00,5,48,24.0,67,2.9,996.4,0,0,6,6970.8,0
2017-02-26 23:02:00,5,48,24.0,67,2.8,996.6,0,0,4,6970.8,0
2017-02-26 23:07:00,5,49,24.0,67,2.8,996.5,0,0,4,6970.8,0
2017-02-26 23:12:00,5,50,23.9,68,2.5,996.3,0,0,14,6970.8,0
2017-02-26 23:17:00,5,50,23.9,68,2.3,996.3,0,0,2,6970.8,0
2017-02-26 23:22:00,5,51,23.9,68,2.5,996.4,0.3,0.7,0,6970.8,0
2017-02-26 23:27:00,5,51,23.9,68,2.3,996.3,0.7,1.4,2,6970.8,0
2017-02-26 23:32:00,5,51,23.8,68,2.3,996.6,0.7,1.4,2,6970.8,0
2017-02-26 23:37:00,5,52,23.8,69,2.4,996.1,0.3,0.7,6,6970.8,0
2017-02-26 23:42:00,5,52,23.7,69,2.7,996.5,1.0,1.0,2,6970.8,0
2017-02-26 23:47:00,5,52,23.7,69,2.5,996.6,1.0,1.4,2,6970.8,0
2017-02-26 23:52:00,5,52,23.6,69,2.5,996.3,1.4,2.0,2,6970.8,0
2017-02-26 23:57:00,5,51,23.6,69,2.4,996.4,1.0,1.4,2,6970.8,0
