2017-01-14 00:00:00,5,39,22.8,64,1.6,981.1,1000.0,4.1,5.4,14.0,6887.4,0
2017-01-14 00:05:00,5,39,22.8,64,1.6,981.5,1000.4,4.8,5.8,0.0,6887.4,0
2017-01-14 00:10:00,5,38,22.8,64,1.6,981.5,1000.4,3.7,5.4,14.0,6887.4,0
2017-01-14 00:15:00,5,39,22.8,64,1.6,981.4,1000.3,3.4,4.8,0.0,6887.4,0
2017-01-14 00:20:00,5,39,22.8,64,1.6,981.6,1000.5,4.8,6.5,12.0,6887.4,0
2017-01-14 00:25:00,5,38,22.7,64,1.6,981.6,1000.5,3.7,6.1,12.0,6887.4,0
2017-01-14 00:30:00,5,38,22.7,64,1.6,981.8,1000.7,4.8,5.8,14.0,6887.4,0
2017-01-14 00:35:00,5,38,22.7,64,1.6,981.7,1000.6,3.1,5.1,13.0,6887.4,0
2017-01-14 00:40:00,5,38,22.6,63,1.7,982.0,1000.9,2.7,4.1,0.0,6887.4,0
2017-01-14 00:45:00,5,38,22.6,63,1.7,982.0,1000.9,5.1,6.5,14.0,6887.4,0
2017-01-14 00:50:00,5,38,22.6,63,1.7,982.0,1000.9,3.4,5.1,14.0,6887.4,0
2017-01-14 00:55:00,5,38,22.6,63,1.7,982.0,1000.9,3.1,4.4,14.0,6887.4,0
2017-01-14 01:00:00,5,38,22.6,63,1.7,982.1,1001.0,4.1,7.8,14.0,6887.4,0
2017-01-14 01:05:00,5,38,22.6,63,1.7,982.1,1001.0,4.1,7.8,14.0,6887.4,0
2017-01-14 01:10:00,5,38,22.6,63,1.7,982.0,1000.9,4.1,5.1,0.0,6887.4,0
2017-01-14 01:15:00,5,38,22.6,63,1.7,982.1,1001.0,3.4,5.8,14.0,6887.4,0
2017-01-14 01:20:00,5,38,22.6,63,1.7,982.1,1001.0,3.4,4.8,14.0,6887.4,0
2017-01-14 01:25:00,5,38,22.6,63,1.7,982.2,1001.1,3.4,4.4,14.0,6887.4,0
2017-01-14 01:30:00,5,38,22.6,63,1.7,982.2,1001.1,2.7,4.4,14.0,6887.4,0
2017-01-14 01:35:00,5,38,22.6,63,1.7,982.3,1001.2,3.7,6.8,12.0,6887.4,0
2017-01-14 01:40:00,5,38,22.5,63,1.7,982.4,1001.3,4.8,5.4,14.0,6887.4,0
2017-01-14 01:45:00,5,38,22.5,62,1.8,982.4,1001.3,2.0,4.1,0.0,6887.4,0
2017-01-14 01:50:00,5,38,22.5,62,1.7,982.3,1001.2,4.4,5.8,14.0,6887.4,0
2017-01-14 01:55:00,5,38,22.5,62,1.8,982.4,1001.3,3.7,5.1,12.0,6887.4,0
2017-01-14 02:00:00,5,38,22.5,62,1.8,982.3,1001.2,3.1,5.8,15.0,6887.4,0
2017-01-14 02:05:00,5,38,22.5,61,1.8,982.3,1001.2,4.8,6.1,2.0,6887.4,0
2017-01-14 02:10:00,5,38,22.5,60,1.9,982.3,1001.2,4.8,6.1,14.0,6887.4,0
2017-01-14 02:15:00,5,38,22.5,60,1.9,982.3,1001.2,4.1,6.5,0.0,6887.4,0
2017-01-14 02:20:00,5,38,22.5,58,2.0,982.3,1001.2,4.4,6.8,14.0,6887.4,0
2017-01-14 02:25:00,5,38,22.5,58,2.0,982.5,1001.4,4.1,6.1,14.0,6887.4,0
2017-01-14 02:30:00,5,38,22.5,56,2.1,982.5,1001.4,3.1,4.1,12.0,6887.4,0
2017-01-14 02:35:00,5,38,22.5,56,2.1,982.4,1001.3,4.1,6.1,14.0,6887.4,0
2017-01-14 02:40:00,5,38,22.5,55,2.1,982.2,1001.1,2.7,5.1,14.0,6887.4,0
2017-01-14 02:45:00,5,38,22.5,55,2.1,982.5,1001.4,4.4,5.1,13.0,6887.4,0
2017-01-14 02:50:00,5,38,22.5,54,2.1,982.3,1001.2,4.8,6.8,13.0,6887.4,0
2017-01-14 02:55:00,5,38,22.5,53,2.2,982.6,1001.5,4.4,6.5,14.0,6887.4,0
2017-01-14 03:00:00,5,38,22.5,53,2.2,982.5,1001.4,4.1,6.8,14.0,6887.4,0
2017-01-14 03:05:00,5,38,22.5,53,2.2,982.5,1001.4,4.1,6.8,14.0,6887.4,0
2017-01-14 03:10:00,5,38,22.5,52,2.3,982.4,1001.3,5.8,7.8,14.0,6887.4,0
2017-01-14 03:15:00,5,38,22.5,52,2.2,982.4,1001.3,4.4,6.5,12.0,6887.4,0
2017-01-14 03:20:00,5,38,22.4,52,2.1,982.4,1001.3,4.1,7.5,14.0,6887.4,0
2017-01-14 03:25:00,5,38,22.4,53,2.0,982.4,1001.3,6.1,8.8,12.0,6887.4,0
2017-01-14 03:30:00,5,38,22.4,55,1.9,982.6,1001.5,4.8,6.8,13.0,6887.4,0
2017-01-14 03:35:00,5,38,22.4,56,1.9,982.7,1001.6,5.1,7.1,14.0,6887.4,0
2017-01-14 03:40:00,5,38,22.4,56,1.8,982.5,1001.4,4.1,5.4,12.0,6887.4,0
2017-01-14 03:45:00,5,38,22.4,56,1.8,982.6,1001.5,4.4,5.4,12.0,6887.4,0
2017-01-14 03:50:00,5,38,22.4,57,1.5,982.6,1001.5,5.4,6.5,14.0,6887.4,0
2017-01-14 03:55:00,5,38,22.4,58,1.6,982.7,1001.6,3.7,4.8,12.0,6887.4,0
2017-01-14 04:00:00,5,38,22.4,59,1.5,982.8,1001.7,4.1,5.4,14.0,6887.4,0
2017-01-14 04:05:00,5,38,22.4,60,1.6,982.9,1001.8,2.7,3.7,12.0,6887.4,0
2017-01-14 04:10:00,5,38,22.4,60,1.6,982.9,1001.8,5.4,7.5,13.0,6887.4,0
2017-01-14 04:15:00,5,38,22.4,60,1.6,982.9,1001.8,4.1,5.1,14.0,6887.4,0
2017-01-14 04:20:00,5,38,22.4,60,1.6,983.0,1001.9,4.1,5.8,13.0,6887.4,0
2017-01-14 04:25:00,5,38,22.4,61,1.6,983.1,1002.0,3.7,4.8,12.0,6887.4,0
2017-01-14 04:30:00,5,38,22.4,61,1.6,983.3,1002.2,4.1,5.4,13.0,6887.4,0
2017-01-14 04:35:00,5,38,22.4,61,1.5,983.3,1002.2,2.4,3.1,0.0,6887.4,0
2017-01-14 04:40:00,5,38,22.4,62,1.4,983.3,1002.2,3.7,5.1,13.0,6887.4,0
2017-01-14 04:45:00,5,38,22.4,61,1.4,983.3,1002.2,3.1,5.8,12.0,6887.4,0
2017-01-14 04:50:00,5,38,22.4,61,1.3,983.4,1002.3,3.4,4.4,14.0,6887.4,0
2017-01-14 04:55:00,5,38,22.4,61,1.2,983.4,1002.3,2.4,3.4,0.0,6887.4,0
2017-01-14 05:00:00,5,38,22.4,61,1.1,983.6,1002.5,3.4,4.1,10.0,6887.4,0
2017-01-14 05:05:00,5,38,22.4,61,1.1,983.5,1002.4,3.4,4.1,10.0,6887.4,0
2017-01-14 05:10:00,5,38,22.4,61,0.8,983.6,1002.5,4.8,6.1,14.0,6887.4,0
2017-01-14 05:15:00,5,38,22.4,61,0.8,983.6,1002.5,2.4,3.4,14.0,6887.4,0
2017-01-14 05:20:00,5,38,22.4,60,0.7,983.6,1002.5,2.7,3.7,0.0,6887.4,0
2017-01-14 05:25:00,5,38,22.4,60,0.7,983.8,1002.7,2.7,3.4,14.0,6887.4,0
2017-01-14 05:30:00,5,38,22.4,60,0.6,983.9,1002.8,3.1,4.1,12.0,6887.4,0
2017-01-14 05:35:00,5,38,22.4,60,0.6,983.7,1002.6,2.4,3.4,12.0,6887.4,0
2017-01-14 05:40:00,5,38,22.4,60,0.6,983.7,1002.6,2.7,3.4,12.0,6887.4,0
2017-01-14 05:45:00,5,38,22.4,59,0.6,983.8,1002.7,2.7,3.4,14.0,6887.4,0
2017-01-14 05:50:00,5,38,22.4,58,0.6,983.8,1002.7,2.0,3.1,14.0,6887.4,0
2017-01-14 05:55:00,5,38,22.4,58,0.6,984.1,1003.0,2.0,3.1,11.0,6887.4,0
2017-01-14 06:00:00,5,38,22.4,57,0.5,984.0,1002.9,1.7,2.4,12.0,6887.4,0
2017-01-14 06:05:00,5,38,22.4,56,0.4,984.2,1003.1,1.7,2.4,12.0,6887.4,0
2017-01-14 06:10:00,5,38,22.4,56,0.4,984.3,1003.2,1.4,2.0,12.0,6887.4,0
2017-01-14 06:15:00,5,38,22.4,56,0.3,984.2,1003.1,2.0,2.4,12.0,6887.4,0
2017-01-14 06:20:00,5,38,22.4,57,0.2,984.1,1003.0,1.0,1.7,10.0,6887.4,0
2017-01-14 06:25:00,5,38,22.4,59,0.1,984.1,1003.0,1.0,1.4,10.0,6887.4,0
2017-01-14 06:30:00,5,38,22.4,59,0.0,984.3,1003.2,0.7,1.4,10.0,6887.4,0
2017-01-14 06:35:00,5,38,22.4,60,0.0,984.2,1003.1,0.3,1.0,10.0,6887.4,0
2017-01-14 06:40:00,5,38,22.4,61,-0.1,984.3,1003.2,0.0,0.0,10.0,6887.4,0
2017-01-14 06:45:00,5,38,22.4,61,-0.1,984.2,1003.1,0.0,0.0,10.0,6887.4,0
2017-01-14 06:50:00,5,38,22.4,61,-0.2,984.3,1003.2,1.0,1.4,9.0,6887.4,0
2017-01-14 06:55:00,5,38,22.4,61,-0.3,984.3,1003.2,1.7,2.0,10.0,6887.4,0
2017-01-14 07:00:00,5,38,22.4,61,-0.4,984.4,1003.3,1.4,2.0,10.0,6887.4,0
2017-01-14 07:05:00,5,38,22.4,61,-0.4,984.3,1003.2,1.4,2.0,10.0,6887.4,0
2017-01-14 07:10:00,5,38,22.4,61,-0.4,984.1,1003.0,0.7,1.4,11.0,6887.4,0
2017-01-14 07:15:00,5,38,22.4,61,-0.2,984.3,1003.2,0.3,0.7,10.0,6887.4,0
2017-01-14 07:20:00,5,38,22.4,61,-0.1,984.0,1002.9,1.0,1.4,8.0,6887.4,0
2017-01-14 07:25:00,5,38,22.4,61,-0.1,984.2,1003.1,1.0,1.4,8.0,6887.4,0
2017-01-14 07:30:00,5,38,22.4,60,-0.2,984.3,1003.2,1.4,1.7,9.0,6887.4,0
2017-01-14 07:35:00,5,38,22.4,60,-0.2,984.1,1003.0,1.4,2.0,10.0,6887.4,0
2017-01-14 07:40:00,5,38,22.4,58,0.0,984.3,1003.2,2.0,2.4,11.0,6887.4,0
2017-01-14 07:45:00,5,38,22.4,58,0.3,984.1,1003.0,1.0,1.7,12.0,6887.4,0
2017-01-14 07:50:00,5,38,22.4,57,0.8,984.2,1003.1,1.4,1.7,11.0,6887.4,0
2017-01-14 07:55:00,5,38,22.4,54,1.5,984.3,1003.2,1.7,2.7,12.0,6887.4,0
2017-01-14 08:00:00,5,38,22.4,52,2.3,984.0,1002.9,1.4,2.0,11.0,6887.4,0
2017-01-14 08:05:00,5,38,22.4,50,2.2,984.3,1003.2,1.0,1.7,12.0,6887.4,0
2017-01-14 08:10:00,5,38,22.3,51,1.7,984.2,1003.1,2.4,3.1,12.0,6887.4,0
2017-01-14 08:15:00,5,38,22.4,51,1.3,984.3,1003.2,1.4,2.0,12.0,6887.4,0
2017-01-14 08:20:00,5,38,22.4,52,1.1,984.0,1002.9,3.4,5.8,12.0,6887.4,0
2017-01-14 08:25:00,5,38,22.4,52,1.1,984.2,1003.1,2.0,2.7,14.0,6887.4,0
2017-01-14 08:30:00,5,38,22.4,52,1.2,984.0,1002.9,3.7,6.1,14.0,6887.4,0
2017-01-14 08:35:00,5,38,22.4,52,1.3,984.0,1002.9,1.7,2.4,12.0,6887.4,0
2017-01-14 08:40:00,5,38,22.4,52,1.3,983.7,1002.6,1.0,2.0,12.0,6887.4,0
2017-01-14 08:45:00,5,38,22.4,53,1.3,983.7,1002.6,2.7,5.1,12.0,6887.4,0
2017-01-14 08:50:00,5,38,22.4,53,1.4,984.0,1002.9,2.0,3.1,14.0,6887.4,0
2017-01-14 08:55:00,5,38,22.4,53,1.5,984.1,1003.0,4.1,6.1,12.0,6887.4,0
2017-01-14 09:00:00,5,38,22.4,55,1.2,984.0,1002.9,3.7,5.1,12.0,6887.4,0
2017-01-14 09:05:00,5,38,22.4,55,1.2,983.9,1002.8,3.7,5.1,12.0,6887.4,0
2017-01-14 09:10:00,5,38,22.3,56,1.5,984.1,1003.0,4.1,5.1,14.0,6887.4,0
2017-01-14 09:15:00,5,38,22.4,55,1.8,984.1,1003.0,3.4,4.8,,6887.4,2048
2017-01-14 09:20:00,5,38,22.3,53,2.0,984.0,1002.9,4.4,5.8,14.0,6887.4,0
2017-01-14 09:25:00,5,38,22.4,53,2.1,984.0,1002.9,4.4,6.1,12.0,6887.4,0
2017-01-14 09:30:00,5,37,22.3,53,2.1,984.0,1002.9,8.8,11.9,14.0,6887.4,0
2017-01-14 09:35:00,5,37,22.4,58,1.8,984.3,1003.2,7.1,8.5,12.0,6887.4,0
2017-01-14 09:40:00,5,37,22.3,59,1.9,984.1,1003.0,5.4,7.5,12.0,6887.4,0
2017-01-14 09:45:00,5,37,22.4,57,2.1,984.1,1003.0,4.8,6.1,12.0,6887.4,0
2017-01-14 09:50:00,5,37,22.4,57,2.1,984.0,1002.9,7.1,10.9,12.0,6887.4,0
2017-01-14 09:55:00,5,37,22.4,60,1.8,984.2,1003.1,5.8,8.8,12.0,6887.4,0
2017-01-14 10:00:00,5,37,22.4,62,1.7,984.1,1003.0,4.8,6.8,12.0,6887.4,0
2017-01-14 10:05:00,5,37,22.4,63,1.9,984.1,1003.0,5.8,6.8,14.0,6887.4,0
2017-01-14 10:10:00,5,37,22.4,61,2.0,983.9,1002.8,7.1,9.5,12.0,6887.4,0
2017-01-14 10:15:00,5,38,22.4,60,2.1,983.9,1002.8,6.5,8.2,12.0,6887.4,0
2017-01-14 10:20:00,5,38,22.4,59,2.2,983.9,1002.8,4.1,6.1,12.0,6887.4,0
2017-01-14 10:25:00,5,38,22.4,59,2.4,983.9,1002.8,3.7,5.1,,6887.4,2048
2017-01-14 10:30:00,5,39,22.3,58,2.5,983.9,1002.8,4.4,5.8,12.0,6887.4,0
2017-01-14 10:35:00,5,39,22.4,58,2.5,984.1,1003.0,7.1,9.5,12.0,6887.4,0
2017-01-14 10:40:00,5,40,22.4,58,2.4,983.9,1002.8,8.5,10.9,12.0,6887.4,0
2017-01-14 10:45:00,5,40,22.4,60,2.2,983.7,1002.6,5.8,7.5,12.0,6887.4,0
2017-01-14 10:50:00,5,40,22.4,60,2.2,983.8,1002.7,4.8,7.5,14.0,6887.4,0
2017-01-14 10:55:00,5,39,22.4,60,2.6,983.8,1002.7,5.1,7.5,11.0,6887.4,0
2017-01-14 11:00:00,5,39,22.4,59,2.8,983.9,1002.8,5.1,9.2,14.0,6887.4,0
2017-01-14 11:05:00,5,40,22.4,59,2.8,983.8,1002.7,5.1,9.2,14.0,6887.4,0
2017-01-14 11:10:00,5,39,22.4,59,2.7,983.5,1002.4,5.1,8.2,0.0,6887.4,0
2017-01-14 11:15:00,5,39,22.4,60,2.7,983.6,1002.5,8.8,11.9,12.0,6887.4,0
2017-01-14 11:20:00,5,39,22.3,60,2.8,983.4,1002.3,6.8,7.8,12.0,6887.4,0
2017-01-14 11:25:00,5,40,22.4,60,2.9,983.4,1002.3,6.1,8.8,12.0,6887.4,0
2017-01-14 11:30:00,5,40,22.4,64,3.0,983.3,1002.2,5.8,8.5,13.0,6887.4,0
2017-01-14 11:35:00,5,40,22.4,64,3.1,983.4,1002.3,7.1,10.9,13.0,6888.0,0
2017-01-14 11:40:00,5,39,22.4,61,2.6,983.4,1002.3,6.5,7.8,12.0,6888.0,0
2017-01-14 11:45:00,5,39,22.3,64,2.5,983.3,1002.2,9.9,13.6,14.0,6888.0,0
2017-01-14 11:50:00,5,39,22.4,64,2.6,983.3,1002.2,4.1,6.1,14.0,6888.0,0
2017-01-14 11:55:00,5,39,22.3,64,2.8,983.4,1002.3,9.5,12.2,11.0,6888.0,0
2017-01-14 12:00:00,5,39,22.3,65,2.4,983.4,1002.3,6.5,8.8,13,6888.0,0
2017-01-14 12:05:00,5,39,22.3,68,2.2,983.5,1002.4,7.8,12.2,13,6888.0,0
2017-01-14 12:10:00,5,39,22.3,69,2.2,983.4,1002.3,8.2,9.9,12,6888.0,0
2017-01-14 12:15:00,5,39,22.3,70,2.1,983.3,1002.2,6.1,8.5,12,6888.0,0
2017-01-14 12:20:00,5,39,22.3,71,2.1,983.5,1002.4,6.5,9.5,14,6888.0,0
2017-01-14 12:25:00,5,39,22.3,72,2.2,983.4,1002.3,4.8,6.8,12,6888.3,0
2017-01-14 12:30:00,5,39,22.4,72,2.2,983.4,1002.3,3.4,4.4,12,6888.3,0
2017-01-14 12:35:00,5,39,22.3,72,2.4,983.5,1002.4,5.8,7.8,14,6888.3,0
2017-01-14 12:40:00,5,39,22.4,71,2.7,983.4,1002.3,5.4,7.5,12,6888.3,0
2017-01-14 12:45:00,5,39,22.3,70,2.9,983.4,1002.3,6.5,8.5,14,6888.9,0
2017-01-14 12:50:00,5,39,22.3,69,2.9,983.6,1002.5,6.5,10.5,14,6889.2,0
2017-01-14 12:55:00,5,39,22.4,69,2.8,983.5,1002.4,6.1,9.2,12,6889.2,0
