2017-01-30 00:02:00,5,33,21.8,81,-5.7,1007.3,1026.2,2.0,2.4,7,6890.1,0
2017-01-30 00:07:00,5,33,21.8,81,-5.7,1007.3,1026.2,3.7,4.4,8,6890.1,0
2017-01-30 00:12:00,5,33,21.8,81,-5.7,1007.3,1026.2,3.4,4.1,8,6890.1,0
2017-01-30 00:17:00,5,33,21.8,81,-5.6,1007.4,1026.3,3.1,3.7,8,6890.1,0
2017-01-30 00:22:00,5,33,21.8,81,-5.6,1007.6,1026.5,3.4,4.8,8,6890.1,0
2017-01-30 00:27:00,5,33,21.8,81,-5.6,1007.5,1026.4,3.4,4.8,6,6890.1,0
2017-01-30 00:32:00,5,33,21.8,81,-5.7,1007.4,1026.3,1.7,3.1,6,6890.1,0
2017-01-30 00:37:00,5,34,21.8,81,-5.7,1007.4,1026.3,3.1,3.7,6,6890.1,0
2017-01-30 00:42:00,5,34,21.8,80,-5.7,1007.5,1026.4,3.1,4.4,6,6890.1,0
2017-01-30 00:47:00,5,33,21.8,80,-5.7,1007.0,1025.9,2.7,3.7,9,6890.1,0
2017-01-30 00:52:00,5,33,21.8,80,-5.6,1007.4,1026.3,2.4,3.1,6,6890.1,0
2017-01-30 00:57:00,5,33,21.8,81,-5.6,1007.2,1026.1,2.0,3.1,6,6890.1,0
2017-01-30 01:02:00,5,33,21.8,81,-5.6,1007.1,1026.0,2.7,3.7,6,6890.1,0
2017-01-30 01:07:00,5,33,21.8,81,-5.6,1007.0,1025.9,2.7,3.7,6,6890.1,0
2017-01-30 01:12:00,5,33,21.8,81,-5.5,1007.2,1026.1,2.4,3.1,8,6890.1,0
2017-01-30 01:17:00,5,33,21.7,81,-5.5,1007.1,1026.0,2.7,3.4,6,6890.1,0
2017-01-30 01:22:00,5,33,21.7,81,-5.5,1007.2,1026.1,1.7,2.4,6,6890.1,0
2017-01-30 01:27:00,5,33,21.7,81,-5.5,1007.1,1026.0,2.7,3.4,6,6890.1,0
2017-01-30 01:32:00,5,33,21.7,81,-5.6,1007.0,1025.9,2.0,2.7,6,6890.1,0
2017-01-30 01:37:00,5,32,21.7,81,-5.6,1006.9,1025.8,2.0,2.7,6,6890.1,0
2017-01-30 01:42:00,5,32,21.7,80,-5.6,1006.9,1025.8,2.0,3.1,4,6890.1,0
2017-01-30 01:47:00,5,32,21.7,80,-5.6,1006.8,1025.7,1.7,2.7,6,6890.1,0
2017-01-30 01:52:00,5,32,21.6,80,-5.6,1006.9,1025.8,2.0,2.7,6,6890.1,0
2017-01-30 01:57:00,5,33,21.6,80,-5.6,1006.8,1025.7,1.7,3.1,4,6890.1,0
2017-01-30 02:02:00,5,33,21.6,80,-5.7,1007.0,1025.9,1.0,1.4,8,6890.1,0
2017-01-30 02:07:00,5,33,21.6,80,-5.7,1006.9,1025.8,2.7,4.1,4,6890.1,0
2017-01-30 02:12:00,5,33,21.6,80,-5.7,1006.8,1025.7,3.4,4.1,6,6890.1,0
2017-01-30 02:17:00,5,33,21.6,80,-5.7,1006.8,1025.7,1.4,2.0,6,6890.1,0
2017-01-30 02:22:00,5,33,21.6,80,-5.7,1006.7,1025.6,2.4,3.1,6,6890.1,0
2017-01-30 02:27:00,5,33,21.6,80,-5.7,1007.0,1025.9,2.0,3.1,6,6890.1,0
2017-01-30 02:32:00,5,33,21.6,80,-5.7,1006.9,1025.8,2.0,3.1,4,6890.1,0
2017-01-30 02:37:00,5,33,21.6,80,-5.8,1006.8,1025.7,2.4,3.4,6,6890.1,0
2017-01-30 02:42:00,5,33,21.6,80,-5.8,1006.8,1025.7,2.4,3.7,5,6890.1,0
2017-01-30 02:47:00,5,33,21.6,80,-5.8,1006.8,1025.7,2.0,3.4,7,6890.1,0
2017-01-30 02:52:00,5,33,21.6,80,-5.8,1006.6,1025.5,2.4,3.7,6,6890.1,0
2017-01-30 02:57:00,5,33,21.6,80,-5.8,1006.6,1025.5,2.4,3.7,6,6890.1,0
2017-01-30 03:02:00,5,33,21.6,80,-5.8,1006.7,1025.6,1.7,2.7,6,6890.1,0
2017-01-30 03:07:00,5,33,21.6,80,-5.8,1006.6,1025.5,1.7,2.7,6,6890.1,0
2017-01-30 03:12:00,5,32,21.6,80,-5.9,1006.7,1025.6,3.1,4.1,5,6890.1,0
2017-01-30 03:17:00,5,33,21.6,80,-5.9,1006.6,1025.5,2.4,4.1,6,6890.1,0
2017-01-30 03:22:00,5,32,21.6,79,-5.9,1006.3,1025.2,2.7,3.7,6,6890.1,0
2017-01-30 03:27:00,5,32,21.6,79,-5.9,1006.4,1025.3,3.1,4.8,6,6890.1,0
2017-01-30 03:32:00,5,32,21.6,79,-5.9,1006.4,1025.3,2.0,3.1,4,6890.1,0
2017-01-30 03:37:00,5,32,21.6,79,-6.0,1006.4,1025.3,2.7,3.4,6,6890.1,0
2017-01-30 03:42:00,5,32,21.6,79,-6.0,1006.5,1025.4,2.4,3.1,6,6890.1,0
2017-01-30 03:47:00,5,32,21.5,79,-6.0,1006.4,1025.3,3.1,4.8,4,6890.1,0
2017-01-30 03:52:00,5,32,21.5,79,-6.0,1006.4,1025.3,1.7,2.7,6,6890.1,0
2017-01-30 03:57:00,5,32,21.5,79,-6.0,1006.3,1025.2,2.0,2.7,6,6890.1,0
2017-01-30 04:02:00,5,32,21.5,79,-5.9,1006.6,1025.5,1.4,2.4,2,6890.1,0
2017-01-30 04:07:00,5,32,21.5,79,-5.9,1006.4,1025.3,2.0,2.4,6,6890.1,0
2017-01-30 04:12:00,5,32,21.4,79,-5.9,1006.6,1025.5,2.0,2.7,6,6890.1,0
2017-01-30 04:17:00,5,32,21.4,79,-5.9,1006.6,1025.5,2.7,3.4,5,6890.1,0
2017-01-30 04:22:00,5,32,21.4,80,-6.1,1006.5,1025.4,2.0,2.7,8,6890.1,0
2017-01-30 04:27:00,5,32,21.4,80,-6.1,1006.6,1025.5,2.0,3.1,5,6890.1,0
2017-01-30 04:32:00,5,33,21.4,80,-6.1,1006.5,1025.4,1.7,2.7,4,6890.1,0
2017-01-30 04:37:00,5,33,21.4,80,-6.1,1006.4,1025.3,2.0,3.1,5,6890.1,0
2017-01-30 04:42:00,5,34,21.4,80,-6.2,1006.7,1025.6,2.0,2.4,8,6890.1,0
2017-01-30 04:47:00,5,33,21.5,80,-6.2,1006.6,1025.5,1.7,2.7,6,6890.1,0
2017-01-30 04:52:00,5,33,21.5,80,-6.2,1006.6,1025.5,2.0,3.1,3,6890.1,0
2017-01-30 04:57:00,5,34,21.6,80,-6.2,1006.6,1025.5,1.7,2.4,4,6890.1,0
2017-01-30 05:02:00,5,33,21.6,80,-6.2,1006.6,1025.5,2.4,3.4,6,6890.1,0
2017-01-30 05:07:00,5,33,21.6,80,-6.2,1006.5,1025.4,2.4,3.4,6,6890.1,0
2017-01-30 05:12:00,5,33,21.6,80,-6.3,1006.3,1025.2,1.4,2.0,4,6890.1,0
2017-01-30 05:17:00,5,34,21.6,79,-6.3,1006.3,1025.2,1.4,2.0,6,6890.1,0
2017-01-30 05:22:00,5,34,21.6,79,-6.3,1006.5,1025.4,1.4,2.0,6,6890.1,0
2017-01-30 05:27:00,5,34,21.7,79,-6.3,1006.3,1025.2,2.0,2.4,6,6890.1,0
2017-01-30 05:32:00,5,34,21.7,79,-6.3,1006.4,1025.3,1.7,3.1,6,6890.1,0
2017-01-30 05:37:00,5,34,21.7,79,-6.3,1006.6,1025.5,1.7,2.4,6,6890.1,0
2017-01-30 05:42:00,5,34,21.7,79,-6.4,1006.3,1025.2,1.0,1.7,6,6890.1,0
2017-01-30 05:47:00,5,34,21.7,79,-6.3,1006.4,1025.3,1.0,2.0,6,6890.1,0
2017-01-30 05:52:00,5,34,21.8,79,-6.4,1006.4,1025.3,1.7,2.4,6,6890.1,0
2017-01-30 05:57:00,5,34,21.8,79,-6.4,1006.5,1025.4,2.7,3.4,4,6890.1,0
2017-01-30 06:02:00,5,34,21.8,79,-6.3,1006.4,1025.3,1.7,2.7,4,6890.1,0
2017-01-30 06:07:00,5,34,21.8,79,-6.4,1006.1,1025.0,1.7,3.1,6,6890.1,0
2017-01-30 06:12:00,5,34,21.8,79,-6.4,1006.4,1025.3,1.7,3.1,6,6890.1,0
2017-01-30 06:17:00,5,34,21.8,79,-6.4,1006.4,1025.3,2.0,3.1,6,6890.1,0
2017-01-30 06:22:00,5,34,21.8,79,-6.4,1006.4,1025.3,2.0,2.7,6,6890.1,0
2017-01-30 06:27:00,5,33,21.8,79,-6.3,1006.6,1025.5,1.7,2.4,4,6890.1,0
2017-01-30 06:33:00,6,34,21.8,79,-6.3,1006.6,1025.5,1.7,2.7,6,6890.1,0
2017-01-30 06:38:00,5,34,21.8,79,-6.3,1006.6,1025.5,1.7,2.7,4,6890.1,0
2017-01-30 06:43:00,5,33,21.8,79,-6.3,1006.6,1025.5,1.7,2.4,4,6890.1,0
2017-01-30 06:49:00,6,33,21.8,79,-6.4,1006.4,1025.3,2.0,3.7,4,6890.1,0
2017-01-30 06:54:00,5,33,21.8,79,-6.4,1006.2,1025.1,1.4,2.0,6,6890.1,0
2017-01-30 06:59:00,5,33,21.8,79,-6.4,1006.5,1025.4,2.0,2.7,5,6890.1,0
2017-01-30 07:04:00,5,33,21.8,79,-6.4,1006.4,1025.3,2.4,3.7,8,6890.1,0
2017-01-30 07:09:00,5,33,21.8,79,-6.4,1006.2,1025.1,2.7,4.1,6,6890.1,0
2017-01-30 07:14:00,5,33,21.8,79,-6.4,1006.2,1025.1,2.7,3.4,4,6890.1,0
2017-01-30 07:19:00,5,33,21.7,79,-6.4,1006.3,1025.2,2.4,3.1,4,6890.1,0
2017-01-30 07:24:00,5,33,21.7,79,-6.4,1006.2,1025.1,1.7,2.7,4,6890.1,0
2017-01-30 07:29:00,5,33,21.7,79,-6.3,1006.2,1025.1,2.0,3.1,4,6890.1,0
2017-01-30 07:34:00,5,33,21.7,79,-6.4,1006.3,1025.2,1.4,2.4,6,6890.1,0
2017-01-30 07:39:00,5,34,21.7,79,-6.4,1006.2,1025.1,1.7,2.7,6,6890.1,0
2017-01-30 07:45:00,6,34,21.7,79,-6.4,1006.5,1025.4,3.1,3.7,4,6890.1,0
2017-01-30 07:50:00,5,34,21.7,79,-6.4,1006.3,1025.2,2.4,3.1,6,6890.1,0
2017-01-30 07:55:00,5,35,21.7,79,-6.4,1006.5,1025.4,2.0,2.7,8,6890.1,0
2017-01-30 08:01:00,6,35,21.8,79,-6.4,1006.2,1025.1,2.0,2.7,7,6890.1,0
2017-01-30 08:06:00,5,35,21.8,79,-6.5,1006.4,1025.3,1.7,2.4,7,6890.1,0
2017-01-30 08:11:00,5,36,21.8,79,-6.5,1006.4,1025.3,1.4,2.7,4,6890.1,0
2017-01-30 08:17:00,6,36,21.9,79,-6.4,1006.1,1025.0,3.1,3.7,6,6890.1,0
2017-01-30 08:22:00,5,35,22.0,79,-6.6,1006.4,1025.3,2.4,3.4,4,6890.1,0
2017-01-30 08:27:00,5,35,22.0,78,-6.6,1006.4,1025.3,2.0,3.1,6,6890.1,0
2017-01-30 08:33:00,6,35,22.0,78,-6.6,1006.4,1025.3,2.7,4.1,6,6890.1,0
2017-01-30 08:38:00,5,35,22.1,78,-6.6,1006.2,1025.1,2.7,3.4,4,6890.1,0
2017-01-30 08:43:00,5,34,22.1,78,-6.6,1006.2,1025.1,2.0,3.1,6,6890.1,0
2017-01-30 08:49:00,6,34,22.1,78,-6.7,1006.2,1025.1,2.0,3.4,6,6890.1,0
2017-01-30 08:54:00,5,35,22.1,78,-6.6,1006.1,1025.0,2.4,3.4,6,6890.1,0
2017-01-30 08:59:00,5,34,22.1,78,-6.7,1006.1,1025.0,2.0,3.1,6,6890.1,0
