2017-03-03 00:04:00,5,39,24.3,43,6.6,999.3,1018.2,3.1,3.7,14,6976.2,0
2017-03-03 00:09:00,5,39,24.3,43,6.6,999.1,1018.0,2.4,3.4,12,6976.2,0
2017-03-03 00:14:00,5,39,24.3,44,6.6,999.3,1018.2,3.1,4.4,14,6976.2,0
2017-03-03 00:19:00,5,39,24.3,44,6.6,999.4,1018.3,2.4,3.1,13,6976.2,0
2017-03-03 00:24:00,5,39,24.3,44,6.6,999.1,1018.0,2.4,3.4,15,6976.2,0
2017-03-03 00:29:00,5,39,24.3,44,6.6,999.3,1018.2,1.7,2.4,12,6976.2,0
2017-03-03 00:34:00,5,39,24.1,44,6.6,999.3,1018.2,2.7,3.4,12,6976.2,0
2017-03-03 00:39:00,5,39,24.1,42,7.0,999.1,1018.0,2.4,3.1,14,6976.2,0
2017-03-03 00:44:00,5,39,24.1,43,6.6,999.1,1018.0,1.4,2.0,14,6976.2,0
2017-03-03 00:49:00,5,39,24.0,44,6.5,999.4,1018.3,2.0,2.7,,6976.2,2048
2017-03-03 00:54:00,5,39,24.0,44,6.6,999.0,1017.9,3.4,4.1,12,6976.2,0
2017-03-03 00:59:00,5,39,24.0,42,7.0,999.2,1018.1,3.4,3.7,14,6976.2,0
2017-03-03 01:04:00,5,39,24.0,42,7.0,999.1,1018.0,2.7,3.4,14,6976.2,0
2017-03-03 01:09:00,5,39,24.0,41,7.0,999.0,1017.9,2.4,3.4,12,6976.2,0
2017-03-03 01:14:00,5,39,24.0,41,7.0,999.3,1018.2,3.1,4.4,12,6976.2,0
2017-03-03 01:19:00,5,39,24.0,43,6.6,999.2,1018.1,3.1,3.7,12,6976.2,0
2017-03-03 01:24:00,5,39,24.0,45,6.6,999.3,1018.2,3.4,3.7,12,6976.2,0
2017-03-03 01:29:00,5,39,24.0,46,6.4,999.2,1018.1,2.4,3.4,12,6976.2,0
2017-03-03 01:34:00,5,39,24.0,47,6.2,999.2,1018.1,3.1,3.4,10,6976.2,0
2017-03-03 01:39:00,5,39,24.1,50,5.9,999.3,1018.2,2.4,3.4,12,6976.2,0
2017-03-03 01:44:00,5,39,24.0,49,6.0,999.3,1018.2,2.7,3.4,14,6976.2,0
2017-03-03 01:49:00,5,39,24.0,49,6.2,999.3,1018.2,1.7,2.0,12,6976.2,0
2017-03-03 01:54:00,5,39,24.0,49,6.3,999.3,1018.2,2.0,2.7,12,6976.2,0
2017-03-03 01:59:00,5,39,24.0,49,6.3,999.2,1018.1,1.4,1.7,14,6976.2,0
2017-03-03 02:04:00,5,39,24.0,50,5.6,999.3,1018.2,1.4,2.0,14,6976.2,0
2017-03-03 02:09:00,5,39,24.0,50,5.6,999.3,1018.2,2.0,2.7,14,6976.2,0
2017-03-03 02:14:00,5,39,24.0,50,5.6,999.4,1018.3,1.4,1.7,12,6976.2,0
2017-03-03 02:19:00,5,39,24.0,51,5.5,999.3,1018.2,1.0,1.7,14,6976.2,0
2017-03-03 02:24:00,5,38,24.0,51,5.0,999.4,1018.3,1.0,1.4,14,6976.2,0
2017-03-03 02:29:00,5,38,24.0,53,4.7,999.6,1018.5,1.0,1.4,14,6976.2,0
2017-03-03 02:34:00,5,38,24.0,54,4.6,999.6,1018.5,1.0,1.4,13,6976.2,0
2017-03-03 02:39:00,5,38,24.0,55,4.4,999.6,1018.5,1.4,1.7,0,6976.2,0
2017-03-03 02:44:00,5,38,24.0,56,4.2,999.6,1018.5,0.7,1.4,14,6976.2,0
2017-03-03 02:49:00,5,39,23.9,57,4.2,999.6,1018.5,1.0,1.4,14,6976.2,0
2017-03-03 02:54:00,5,39,23.9,57,4.2,999.7,1018.6,1.4,1.7,14,6976.2,0
2017-03-03 02:59:00,5,39,23.9,57,4.2,999.5,1018.4,1.0,1.4,14,6976.2,0
2017-03-03 03:04:00,5,39,23.9,57,4.2,999.7,1018.6,1.0,1.4,14,6976.2,0
2017-03-03 03:09:00,5,39,23.9,57,4.3,999.7,1018.6,0.3,1.0,10,6976.2,0
2017-03-03 03:14:00,5,39,23.9,57,3.7,999.8,1018.7,0,0.7,10,6976.2,0
2017-03-03 03:19:00,5,39,23.9,58,3.4,999.6,1018.5,0,0.3,14,6976.2,0
2017-03-03 03:24:00,5,39,23.8,60,3.3,999.9,1018.8,0.3,1.0,10,6976.2,0
2017-03-03 03:29:00,5,39,23.8,60,3.1,999.6,1018.5,0.3,0.7,12,6976.2,0
2017-03-03 03:34:00,5,39,23.8,61,3.3,999.7,1018.6,0.7,1.0,14,6976.2,0
2017-03-03 03:39:00,5,39,23.8,62,3.5,999.8,1018.7,1.0,1.0,12,6976.2,0
2017-03-03 03:44:00,5,39,23.7,61,3.7,999.6,1018.5,1.0,1.7,0,6976.2,0
2017-03-03 03:49:00,5,39,23.7,61,3.7,999.8,1018.7,1.0,1.7,12,6976.2,0
2017-03-03 03:54:00,5,39,23.7,60,3.6,999.8,1018.7,0.7,1.0,14,6976.2,0
2017-03-03 03:59:00,5,39,23.7,61,3.3,1000.0,1018.9,0.7,1.0,0,6976.2,0
2017-03-03 04:04:00,5,39,23.7,61,3.2,1000.0,1018.9,0.7,1.0,15,6976.2,0
2017-03-03 04:09:00,5,39,23.7,62,3.0,999.9,1018.8,0.3,0.7,0,6976.2,0
2017-03-03 04:14:00,5,39,23.6,58,2.7,999.9,1018.8,1.0,1.4,2,6976.2,0
2017-03-03 04:19:00,5,39,23.5,59,2.4,1000.1,1019.0,0.7,1.0,2,6976.2,0
2017-03-03 04:24:00,5,40,23.5,60,2.5,1000.2,1019.1,0.7,1.0,2,6976.2,0
2017-03-03 04:29:00,5,40,23.5,60,2.7,1000.3,1019.2,0.3,0.7,4,6976.2,0
2017-03-03 04:34:00,5,40,23.5,60,2.9,1000.1,1019.0,0,0,4,6976.2,0
2017-03-03 04:39:00,5,40,23.5,60,2.9,1000.1,1019.0,0,0,4,6976.2,0
2017-03-03 04:44:00,5,40,23.5,66,3.1,1000.2,1019.1,0.7,1.0,0,6976.2,0
2017-03-03 04:49:00,5,40,23.5,66,3.0,1000.3,1019.2,1.0,1.4,0,6976.2,0
2017-03-03 04:54:00,5,40,23.5,65,3.1,1000.3,1019.2,0.7,1.0,14,6976.2,0
2017-03-03 04:59:00,5,40,23.5,64,3.1,1000.2,1019.1,0.7,1.0,12,6976.2,0
2017-03-03 05:04:00,5,40,23.5,64,3.0,1000.0,1018.9,0.7,1.0,12,6976.2,0
2017-03-03 05:09:00,5,40,23.5,64,3.3,1000.3,1019.2,1.7,2.0,14,6976.2,0
2017-03-03 05:14:00,5,40,23.5,63,3.4,1000.4,1019.3,1.0,1.4,12,6976.2,0
2017-03-03 05:19:00,5,40,23.5,59,2.9,1000.3,1019.2,0.7,1.0,14,6976.2,0
2017-03-03 05:24:00,5,40,23.5,59,2.2,1000.3,1019.2,1.4,1.7,12,6976.2,0
2017-03-03 05:29:00,5,40,23.5,60,2.0,1000.4,1019.3,1.4,1.7,12,6976.2,0
2017-03-03 05:34:00,5,40,23.5,61,2.5,1000.3,1019.2,2.4,3.1,14,6976.2,0
2017-03-03 05:39:00,5,40,23.6,61,2.9,1000.4,1019.3,2.4,3.4,14,6976.2,0
2017-03-03 05:44:00,5,40,23.7,64,3.4,1000.3,1019.2,2.4,2.7,14,6976.2,0
2017-03-03 05:49:00,5,40,23.7,63,3.7,1000.6,1019.5,2.7,3.4,14,6976.2,0
2017-03-03 05:54:00,5,40,23.7,62,3.9,1000.4,1019.3,2.0,3.1,14,6976.2,0
2017-03-03 05:59:00,5,39,23.7,61,4.1,1000.5,1019.4,2.7,3.7,14,6976.2,0
2017-03-03 06:04:00,5,39,23.7,61,4.4,1000.5,1019.4,2.4,3.1,14,6976.2,0
2017-03-03 06:09:00,5,39,23.7,60,4.6,1000.5,1019.4,2.0,2.7,14,6976.2,0
2017-03-03 06:14:00,5,39,23.7,58,5.0,1000.6,1019.5,1.4,2.4,14,6976.2,0
2017-03-03 06:19:00,5,39,23.7,56,5.4,1000.6,1019.5,1.4,2.4,12,6976.2,0
2017-03-03 06:24:00,5,39,23.7,55,5.7,1000.4,1019.3,0.7,1.0,14,6976.2,0
2017-03-03 06:29:00,5,39,23.7,55,5.5,1000.7,1019.6,0.7,1.4,6,6976.2,0
2017-03-03 06:34:00,5,39,23.7,57,4.9,1000.6,1019.5,1.0,1.7,6,6976.2,0
2017-03-03 06:39:00,5,39,23.7,57,5.3,1000.7,1019.6,0.7,1.0,6,6976.2,0
2017-03-03 06:44:00,5,39,23.7,57,5.4,1000.8,1019.7,0.7,1.0,6,6976.2,0
2017-03-03 06:49:00,5,39,23.7,58,5.3,1000.7,1019.6,0.3,1.0,6,6976.2,0
2017-03-03 06:54:00,5,39,23.7,59,5.5,1001.1,1020.0,0,0.7,4,6976.2,0
2017-03-03 06:59:00,5,39,23.7,58,6.0,1001.1,1020.0,0,0.3,4,6976.2,0
2017-03-03 07:04:00,5,39,23.6,58,6.1,1000.7,1019.6,0,0,4,6976.2,0
2017-03-03 07:09:00,5,39,23.6,60,7.9,1000.7,1019.6,0.3,0.7,8,6976.2,0
2017-03-03 07:14:00,5,39,23.6,56,8.6,1000.6,1019.5,0,0,8,6976.2,0
2017-03-03 07:19:00,5,39,23.6,52,9.9,1000.6,1019.5,0,0,8,6976.2,0
2017-03-03 07:24:00,5,39,23.6,47,11.1,1000.5,1019.4,0,0,12,6976.2,0
2017-03-03 07:29:00,5,39,23.6,44,11.7,1000.7,1019.6,0.7,1.0,8,6976.2,0
2017-03-03 07:34:00,5,40,23.6,40,11.0,1000.7,1019.6,0,0.7,8,6976.2,0
2017-03-03 07:39:00,5,40,23.5,41,11.4,1000.6,1019.5,0,0,6,6976.2,0
2017-03-03 07:44:00,5,40,23.5,39,12.1,1000.6,1019.5,0.7,1.0,8,6976.2,0
2017-03-03 07:49:00,5,40,23.5,39,11.9,1000.7,1019.6,0.3,0.7,6,6976.2,0
2017-03-03 07:54:00,5,40,23.4,39,11.9,1000.5,1019.4,0,0.7,10,6976.2,0
2017-03-03 07:59:00,5,40,23.4,38,12.0,1000.5,1019.4,0,0.3,10,6976.2,0
2017-03-03 08:04:00,5,40,23.4,38,12.1,1000.4,1019.3,0,0.7,10,6976.2,0
2017-03-03 08:09:00,5,40,23.4,38,12.2,1000.2,1019.1,0,0.7,8,6976.2,0
2017-03-03 08:14:00,5,40,23.5,37,12.5,1000.3,1019.2,0.3,0.7,14,6976.2,0
2017-03-03 08:19:00,5,40,23.5,38,13.0,1000.4,1019.3,0.7,1.0,8,6976.2,0
2017-03-03 08:24:00,5,40,23.5,36,12.5,1000.3,1019.2,0.3,0.7,3,6976.2,0
2017-03-03 08:29:00,5,40,23.5,38,12.0,1000.4,1019.3,1.0,1.7,2,6976.2,0
2017-03-03 08:34:00,5,39,23.4,41,10.8,1000.3,1019.2,2.0,2.7,3,6976.2,0
2017-03-03 08:39:00,5,39,23.4,43,10.0,1000.2,1019.1,1.7,2.4,2,6976.2,0
2017-03-03 08:44:00,5,40,23.4,45,10.3,1000.1,1019.0,0.3,1.4,8,6976.2,0
2017-03-03 08:49:00,5,40,23.4,43,11.1,1000.3,1019.2,0,0.3,6,6976.2,0
2017-03-03 08:54:00,5,40,23.3,41,11.9,1000.0,1018.9,0.3,0.7,4,6976.2,0
2017-03-03 08:59:00,5,40,23.3,39,12.3,1000.0,1018.9,1.0,1.4,8,6976.2,0
2017-03-03 09:04:00,5,40,23.3,39,12.3,1000.0,1018.9,1.7,2.0,4,6976.2,0
2017-03-03 09:09:00,5,40,23.3,38,12.1,999.9,1018.8,1.4,2.4,8,6976.2,0
2017-03-03 09:14:00,5,41,23.2,38,12.1,1000.0,1018.9,1.4,2.4,8,6976.2,0
2017-03-03 09:19:00,5,40,23.2,38,12.1,999.9,1018.8,1.4,1.7,6,6976.2,0
2017-03-03 09:24:00,5,40,23.2,37,12.5,999.8,1018.7,1.7,2.4,6,6976.2,0
2017-03-03 09:29:00,5,41,23.1,35,12.3,999.6,1018.5,2.0,2.4,6,6976.2,0
2017-03-03 09:34:00,5,41,23.1,35,12.4,999.7,1018.6,1.4,2.4,6,6976.2,0
2017-03-03 09:39:00,5,41,23.1,33,12.4,999.7,1018.6,2.4,3.7,8,6976.2,0
2017-03-03 09:44:00,5,41,23.1,35,12.5,999.4,1018.3,2.7,3.7,6,6976.2,0
2017-03-03 09:49:00,5,41,23.1,35,12.1,999.4,1018.3,2.0,3.4,6,6976.2,0
2017-03-03 09:54:00,5,41,23.1,36,12.0,999.1,1018.0,3.1,4.1,3,6976.2,0
2017-03-03 09:59:00,5,41,23.1,36,12.0,998.9,1017.8,2.7,3.4,6,6976.2,0
2017-03-03 10:04:00,5,41,23.1,35,12.1,998.8,1017.7,3.4,4.4,6,6976.2,0
2017-03-03 10:09:00,5,41,23.1,34,12.0,999.0,1017.9,4.1,4.8,6,6976.2,0
2017-03-03 10:14:00,5,41,23.1,35,12.3,999.0,1017.9,2.4,3.7,6,6976.2,0
2017-03-03 10:19:00,5,41,23.1,35,12.4,999.0,1017.9,2.4,3.4,8,6976.2,0
2017-03-03 10:24:00,5,41,23.1,35,12.4,998.7,1017.6,4.4,5.8,6,6976.2,0
2017-03-03 10:29:00,5,41,23.1,34,12.5,998.7,1017.6,5.1,6.1,9,6976.2,0
2017-03-03 10:34:00,5,41,23.2,32,12.4,998.5,1017.4,3.4,4.4,8,6976.2,0
2017-03-03 10:39:00,5,41,23.2,32,12.5,998.5,1017.4,4.1,5.4,6,6976.2,0
2017-03-03 10:44:00,5,41,23.2,32,12.3,998.5,1017.4,4.4,6.5,6,6976.2,0
2017-03-03 10:49:00,5,41,23.2,32,12.5,998.4,1017.3,3.1,4.8,6,6976.2,0
2017-03-03 10:54:00,5,41,23.3,35,13.1,998.1,1017.0,4.1,5.4,6,6976.2,0
2017-03-03 10:59:00,5,42,23.3,34,13.0,997.9,1016.8,4.1,5.1,4,6976.2,0
2017-03-03 11:04:00,5,42,23.3,34,13.1,998.1,1017.0,4.1,5.4,4,6976.2,0
2017-03-03 11:09:00,5,42,23.3,33,13.3,997.8,1016.7,2.7,3.7,6,6976.2,0
2017-03-03 11:14:00,5,42,23.3,34,13.6,997.6,1016.5,5.1,6.8,6,6976.2,0
2017-03-03 11:19:00,5,42,23.3,33,13.5,997.5,1016.4,4.1,7.1,7,6976.2,0
2017-03-03 11:25:00,6,41,23.3,32,13.6,997.4,1016.3,3.7,6.1,6,6976.2,0
2017-03-03 11:30:00,5,41,23.4,33,13.6,997.3,1016.2,3.4,5.1,6,6976.2,0
2017-03-03 11:35:00,5,41,23.4,33,13.7,997.1,1016.0,5.8,7.1,6,6976.2,0
2017-03-03 11:40:00,5,41,23.4,33,13.6,997.0,1015.9,4.8,7.1,8,6976.2,0
2017-03-03 11:45:00,5,40,23.4,34,13.7,996.9,1015.8,5.1,6.1,6,6976.2,0
2017-03-03 11:50:00,5,40,23.4,35,13.7,996.7,1015.6,4.8,7.1,5,6976.2,0
2017-03-03 11:55:00,5,40,23.5,34,14.0,996.7,1015.6,4.8,6.8,3,6976.2,0
2017-03-03 12:01:00,6,40,23.5,34,14.2,996.8,1015.7,5.8,7.1,6,6976.2,0
2017-03-03 12:06:00,5,40,23.5,34,14.1,996.5,1015.4,3.1,5.1,4,6976.2,0
2017-03-03 12:11:00,5,40,23.5,33,14.4,996.2,1015.1,7.5,9.9,6,6976.2,0
2017-03-03 12:16:00,5,40,23.5,32,14.3,996.2,1015.1,5.4,9.2,6,6976.2,0
2017-03-03 12:21:00,5,40,23.5,32,14.4,995.9,1014.8,5.8,7.1,8,6976.2,0
2017-03-03 12:26:00,5,40,23.5,32,14.4,995.9,1014.8,6.1,7.1,6,6976.2,0
2017-03-03 12:31:00,5,40,23.5,32,14.4,995.6,1014.5,4.8,6.1,6,6976.2,0
2017-03-03 12:37:00,6,40,23.5,32,14.4,995.7,1014.6,7.1,8.5,6,6976.2,0
2017-03-03 12:42:00,5,40,23.5,32,14.4,995.7,1014.6,3.4,4.8,7,6976.2,0
2017-03-03 12:47:00,5,40,23.4,32,14.4,995.5,1014.4,5.1,7.5,6,6976.2,0
2017-03-03 12:52:00,5,40,23.4,32,14.4,995.4,1014.3,5.8,8.2,7,6976.2,0
2017-03-03 12:57:00,5,40,23.4,33,14.4,995.4,1014.3,3.7,4.8,7,6976.2,0
2017-03-03 13:02:00,5,42,23.5,32,14.4,995.3,1014.2,8.2,9.2,6,6976.2,0
2017-03-03 13:07:01,5,42,23.5,32,14.4,995.1,1014.0,8.2,9.2,6,6976.2,0
2017-03-03 13:12:01,5,43,23.5,33,14.4,995.1,1014.0,4.8,5.8,6,6976.2,0
2017-03-03 13:17:01,5,43,23.5,33,14.4,994.9,1013.8,5.8,7.5,6,6976.2,0
2017-03-03 13:22:01,5,43,23.5,34,14.4,995.0,1013.9,6.5,8.8,7,6976.2,0
2017-03-03 13:27:01,5,44,23.5,34,14.4,995.1,1014.0,6.1,7.8,6,6976.2,0
2017-03-03 13:32:01,5,44,23.6,35,14.4,994.7,1013.6,7.1,8.8,6,6976.2,0
2017-03-03 13:37:01,5,45,23.7,35,14.4,994.7,1013.6,7.8,9.5,6,6976.2,0
2017-03-03 13:42:01,5,45,23.7,35,14.4,994.5,1013.4,7.1,9.2,6,6976.2,0
2017-03-03 13:47:01,5,45,23.7,35,14.4,994.5,1013.4,7.8,9.5,6,6976.2,0
2017-03-03 13:52:01,5,45,23.7,36,14.3,994.2,1013.1,7.5,10.5,6,6976.2,0
2017-03-03 13:57:01,5,45,23.7,36,14.3,994.1,1013.0,7.8,9.2,7,6976.2,0
2017-03-03 14:02:01,5,44,23.6,35,14.4,994.1,1013.0,7.5,8.8,6,6976.2,0
2017-03-03 14:07:01,5,44,23.6,36,14.4,994.1,1013.0,6.5,8.2,6,6976.2,0
2017-03-03 14:12:01,5,43,23.6,38,14.4,993.9,1012.8,7.8,9.5,6,6976.2,0
2017-03-03 14:17:01,5,43,23.7,39,14.3,993.7,1012.6,6.1,7.5,6,6976.2,0
2017-03-03 14:22:01,5,43,23.7,39,14.4,993.8,1012.7,9.2,10.2,9,6976.2,0
2017-03-03 14:27:01,5,43,23.7,38,14.3,993.7,1012.6,6.1,8.5,6,6976.2,0
2017-03-03 14:32:01,5,43,23.7,41,14.2,994.0,1012.9,5.8,8.2,7,6976.2,0
2017-03-03 14:37:01,5,43,23.7,41,14.1,993.7,1012.6,7.1,8.5,6,6976.2,0
2017-03-03 14:42:01,5,43,23.7,41,14.1,993.7,1012.6,8.5,9.9,8,6976.2,0
2017-03-03 14:47:01,5,43,23.7,42,14.1,993.9,1012.8,6.8,8.2,6,6976.2,0
2017-03-03 14:52:01,5,43,23.7,43,13.9,993.6,1012.5,11.2,12.9,8,6976.2,0
2017-03-03 14:57:01,5,43,23.7,43,13.9,993.4,1012.3,7.8,9.2,8,6976.2,0
